0	11.0	5e-10
1	11.0	5e-10
2	11.0	5e-10
3	11.0	5e-10
4	11.0	5e-10
5	11.0	5e-10
6	11.0	5e-10
7	11.0	5e-10
8	11.0	5e-10
9	11.0	5e-10
10	11.0	5e-10
11	11.0	5e-10
12	11.0	5e-10
13	11.0	5e-10
14	11.0	5e-10
15	11.0	5e-10
16	11.0	5e-10
17	11.0	5e-10
18	11.0	5e-10
19	11.0	5e-10
20	11.0	5e-10
21	11.0	5e-10
22	10.5	5e-10
23	10.5	5e-10
24	10.5	5e-10
25	10.5	5e-10
26	10.5	5e-10
27	10.5	5e-10
28	10.5	5e-10
29	10.5	5e-10
30	10.5	5e-10
31	10.5	5e-10
32	10.5	5e-10
33	10.5	5e-10
34	10.5	5e-10
35	10.5	5e-10
36	10.5	5e-10
37	10.5	5e-10
38	10.5	5e-10
39	10.5	5e-10
40	10.5	5e-10
41	10.5	5e-10
42	10.5	5e-10
43	10.5	5e-10
44	10.5	5e-10
45	10.5	5e-10
46	10.5	5e-10
47	10.5	5e-10
48	10.5	5e-10
49	10.5	5e-10
50	10.5	5e-10
51	10.0	5e-10
52	10.0	5e-10
53	10.0	5e-10
54	10.0	5e-10
55	10.0	5e-10
56	10.0	5e-10
57	10.0	5e-10
58	10.0	5e-10
59	10.0	5e-10
60	10.0	5e-10
61	10.0	5e-10
62	10.0	5e-10
63	10.0	5e-10
64	10.0	5e-10
65	10.0	5e-10
66	10.0	5e-10
67	10.0	5e-10
68	10.0	5e-10
69	10.0	5e-10
70	10.0	5e-10
71	10.0	5e-10
72	10.0	5e-10
73	10.0	5e-10
74	10.0	5e-10
75	10.0	5e-10
76	10.0	5e-10
77	10.0	5e-10
78	10.0	5e-10
79	10.0	5e-10
80	10.0	5e-10
81	10.0	5e-10
82	10.0	5e-10
83	10.0	5e-10
84	10.0	5e-10
85	10.0	5e-10
86	10.0	5e-10
87	10.0	5e-10
88	10.0	5e-10
89	10.0	5e-10
90	10.0	5e-10
91	10.0	5e-10
92	9.5	5e-10
93	9.5	5e-10
94	9.5	5e-10
95	9.5	5e-10
96	9.5	5e-10
97	9.5	5e-10
98	9.5	5e-10
99	9.5	5e-10
100	9.5	5e-10
101	9.5	5e-10
102	9.5	5e-10
103	9.5	5e-10
104	9.5	5e-10
105	9.5	5e-10
106	9.5	5e-10
107	9.5	5e-10
108	9.5	5e-10
109	9.5	5e-10
110	9.5	5e-10
111	9.5	5e-10
112	9.5	5e-10
113	9.5	5e-10
114	9.5	5e-10
115	9.5	5e-10
116	9.5	5e-10
117	9.5	5e-10
118	9.5	5e-10
119	9.5	5e-10
120	9.5	5e-10
121	9.5	5e-10
122	9.5	5e-10
123	9.5	5e-10
124	9.5	5e-10
125	9.5	5e-10
126	9.5	5e-10
127	9.5	5e-10
128	9.5	5e-10
129	9.5	5e-10
130	9.5	5e-10
131	9.5	5e-10
132	9.5	5e-10
133	9.5	5e-10
134	9.5	5e-10
135	9.5	5e-10
136	9.5	5e-10
137	9.5	5e-10
138	9.5	5e-10
139	9.5	5e-10
140	9.5	5e-10
141	9.5	5e-10
142	9.5	5e-10
143	9.5	5e-10
144	9.5	5e-10
145	9.5	5e-10
146	9.5	5e-10
147	9.5	5e-10
148	9.5	5e-10
149	9.5	5e-10
150	9.5	5e-10
151	9.5	5e-10
152	9.5	5e-10
153	9.5	5e-10
154	9.5	5e-10
155	9.5	5e-10
156	9.5	5e-10
157	9.0	5e-10
158	9.0	5e-10
159	9.0	5e-10
160	9.0	5e-10
161	9.0	5e-10
162	9.0	5e-10
163	9.0	5e-10
164	9.0	5e-10
165	9.0	5e-10
166	9.0	5e-10
167	9.0	5e-10
168	9.0	5e-10
169	9.0	5e-10
170	9.0	5e-10
171	9.0	5e-10
172	9.0	5e-10
173	9.0	5e-10
174	9.0	5e-10
175	9.0	5e-10
176	9.0	5e-10
177	9.0	5e-10
178	9.0	5e-10
179	9.0	5e-10
180	9.0	5e-10
181	9.0	5e-10
182	9.0	5e-10
183	9.0	5e-10
184	9.0	5e-10
185	9.0	5e-10
186	9.0	5e-10
187	9.0	5e-10
188	9.0	5e-10
189	9.0	5e-10
190	9.0	5e-10
191	9.0	5e-10
192	9.0	5e-10
193	9.0	5e-10
194	9.0	5e-10
195	9.0	5e-10
196	9.0	5e-10
197	9.0	5e-10
198	9.0	5e-10
199	9.0	5e-10
200	9.0	5e-10
201	9.0	5e-10
202	9.0	5e-10
203	9.0	5e-10
204	9.0	5e-10
205	9.0	5e-10
206	9.0	5e-10
207	9.0	5e-10
208	9.0	5e-10
209	9.0	5e-10
210	9.0	5e-10
211	9.0	5e-10
212	9.0	5e-10
213	9.0	5e-10
214	9.0	5e-10
215	9.0	5e-10
216	9.0	5e-10
217	9.0	5e-10
218	9.0	5e-10
219	9.0	5e-10
220	9.0	5e-10
221	9.0	5e-10
222	9.0	5e-10
223	9.0	5e-10
224	9.0	5e-10
225	9.0	5e-10
226	9.0	5e-10
227	9.0	5e-10
228	9.0	5e-10
229	9.0	5e-10
230	8.5	5e-10
231	8.5	5e-10
232	8.5	5e-10
233	8.5	5e-10
234	8.5	5e-10
235	8.5	5e-10
236	8.5	5e-10
237	8.5	5e-10
238	8.5	5e-10
239	8.5	5e-10
240	8.5	5e-10
241	8.5	5e-10
242	8.5	5e-10
243	8.5	5e-10
244	8.5	5e-10
245	8.5	5e-10
246	8.5	5e-10
247	8.5	5e-10
248	8.5	5e-10
249	8.5	5e-10
250	8.5	5e-10
251	8.5	5e-10
252	8.5	5e-10
253	8.5	5e-10
254	8.5	5e-10
255	8.5	5e-10
256	8.5	5e-10
257	8.5	5e-10
258	8.5	5e-10
259	8.5	5e-10
260	8.5	5e-10
261	8.5	5e-10
262	8.5	5e-10
263	8.5	5e-10
264	8.5	5e-10
265	8.5	5e-10
266	8.5	5e-10
267	8.5	5e-10
268	8.5	5e-10
269	8.5	5e-10
270	8.5	5e-10
271	8.5	5e-10
272	8.5	5e-10
273	8.5	5e-10
274	8.5	5e-10
275	8.5	5e-10
276	8.5	5e-10
277	8.5	5e-10
278	8.5	5e-10
279	8.5	5e-10
280	8.5	5e-10
281	8.5	5e-10
282	8.5	5e-10
283	8.5	5e-10
284	8.5	5e-10
285	8.5	5e-10
286	8.5	5e-10
287	8.5	5e-10
288	8.5	5e-10
289	8.5	5e-10
290	8.5	5e-10
291	8.5	5e-10
292	8.5	5e-10
293	8.5	5e-10
294	8.5	5e-10
295	8.5	5e-10
296	8.5	5e-10
297	8.5	5e-10
298	8.5	5e-10
299	8.5	5e-10
300	8.5	5e-10
301	8.5	5e-10
302	8.5	5e-10
303	8.5	5e-10
304	8.5	5e-10
305	8.5	5e-10
306	8.5	5e-10
307	8.5	5e-10
308	8.5	5e-10
309	8.5	5e-10
310	8.5	5e-10
311	8.5	5e-10
312	8.5	5e-10
313	8.5	5e-10
314	8.5	5e-10
315	8.5	5e-10
316	8.5	5e-10
317	8.5	5e-10
318	8.5	5e-10
319	8.5	5e-10
320	8.5	5e-10
321	8.5	5e-10
322	8.5	5e-10
323	8.5	5e-10
324	8.5	5e-10
325	8.5	5e-10
326	8.5	5e-10
327	8.5	5e-10
328	8.5	5e-10
329	8.5	5e-10
330	8.5	5e-10
331	8.0	5e-10
332	8.0	5e-10
333	8.0	5e-10
334	8.0	5e-10
335	8.0	5e-10
336	8.0	5e-10
337	8.0	5e-10
338	8.0	5e-10
339	8.0	5e-10
340	8.0	5e-10
341	8.0	5e-10
342	8.0	5e-10
343	8.0	5e-10
344	8.0	5e-10
345	8.0	5e-10
346	8.0	5e-10
347	8.0	5e-10
348	8.0	5e-10
349	8.0	5e-10
350	8.0	5e-10
351	8.0	5e-10
352	8.0	5e-10
353	8.0	5e-10
354	8.0	5e-10
355	8.0	5e-10
356	8.0	5e-10
357	8.0	5e-10
358	8.0	5e-10
359	8.0	5e-10
360	8.0	5e-10
361	8.0	5e-10
362	8.0	5e-10
363	8.0	5e-10
364	8.0	5e-10
365	8.0	5e-10
366	8.0	5e-10
367	8.0	5e-10
368	8.0	5e-10
369	8.0	5e-10
370	8.0	5e-10
371	8.0	5e-10
372	8.0	5e-10
373	8.0	5e-10
374	8.0	5e-10
375	8.0	5e-10
376	8.0	5e-10
377	8.0	5e-10
378	8.0	5e-10
379	8.0	5e-10
380	8.0	5e-10
381	8.0	5e-10
382	8.0	5e-10
383	8.0	5e-10
384	8.0	5e-10
385	8.0	5e-10
386	8.0	5e-10
387	8.0	5e-10
388	8.0	5e-10
389	8.0	5e-10
390	8.0	5e-10
391	8.0	5e-10
392	8.0	5e-10
393	8.0	5e-10
394	8.0	5e-10
395	8.0	5e-10
396	8.0	5e-10
397	8.0	5e-10
398	8.0	5e-10
399	8.0	5e-10
400	8.0	5e-10
401	8.0	5e-10
402	8.0	5e-10
403	8.0	5e-10
404	8.0	5e-10
405	8.0	5e-10
406	8.0	5e-10
407	8.0	5e-10
408	8.0	5e-10
409	8.0	5e-10
410	8.0	5e-10
411	8.0	5e-10
412	8.0	5e-10
413	8.0	5e-10
414	8.0	5e-10
415	8.0	5e-10
416	8.0	5e-10
417	8.0	5e-10
418	8.0	5e-10
419	8.0	5e-10
420	8.0	5e-10
421	8.0	5e-10
422	8.0	5e-10
423	8.0	5e-10
424	8.0	5e-10
425	8.0	5e-10
426	8.0	5e-10
427	8.0	5e-10
428	8.0	5e-10
429	8.0	5e-10
430	8.0	5e-10
431	8.0	5e-10
432	8.0	5e-10
433	8.0	5e-10
434	8.0	5e-10
435	8.0	5e-10
436	8.0	5e-10
437	8.0	5e-10
438	8.0	5e-10
439	8.0	5e-10
440	8.0	5e-10
441	8.0	5e-10
442	8.0	5e-10
443	8.0	5e-10
444	8.0	5e-10
445	8.0	5e-10
446	8.0	5e-10
447	8.0	5e-10
448	8.0	5e-10
449	8.0	5e-10
450	7.5	5e-10
451	7.5	5e-10
452	7.5	5e-10
453	7.5	5e-10
454	7.5	5e-10
455	7.5	5e-10
456	7.5	5e-10
457	7.5	5e-10
458	7.5	5e-10
459	7.5	5e-10
460	7.5	5e-10
461	7.5	5e-10
462	7.5	5e-10
463	7.5	5e-10
464	7.5	5e-10
465	7.5	5e-10
466	7.5	5e-10
467	7.5	5e-10
468	7.5	5e-10
469	7.5	5e-10
470	7.5	5e-10
471	7.5	5e-10
472	7.5	5e-10
473	7.5	5e-10
474	7.5	5e-10
475	7.5	5e-10
476	7.5	5e-10
477	7.5	5e-10
478	7.5	5e-10
479	7.5	5e-10
480	7.5	5e-10
481	7.5	5e-10
482	7.5	5e-10
483	7.5	5e-10
484	7.5	5e-10
485	7.5	5e-10
486	7.5	5e-10
487	7.5	5e-10
488	7.5	5e-10
489	7.5	5e-10
490	7.5	5e-10
491	7.5	5e-10
492	7.5	5e-10
493	7.5	5e-10
494	7.5	5e-10
495	7.5	5e-10
496	7.5	5e-10
497	7.5	5e-10
498	7.5	5e-10
499	7.5	5e-10
500	7.5	5e-10
501	7.5	5e-10
502	7.5	5e-10
503	7.5	5e-10
504	7.5	5e-10
505	7.5	5e-10
506	7.5	5e-10
507	7.5	5e-10
508	7.5	5e-10
509	7.5	5e-10
510	7.5	5e-10
511	7.5	5e-10
512	7.5	5e-10
513	7.5	5e-10
514	7.5	5e-10
515	7.5	5e-10
516	7.5	5e-10
517	7.5	5e-10
518	7.5	5e-10
519	7.5	5e-10
520	7.5	5e-10
521	7.5	5e-10
522	7.5	5e-10
523	7.5	5e-10
524	7.5	5e-10
525	7.5	5e-10
526	7.5	5e-10
527	7.5	5e-10
528	7.5	5e-10
529	7.5	5e-10
530	7.5	5e-10
531	7.5	5e-10
532	7.5	5e-10
533	7.5	5e-10
534	7.5	5e-10
535	7.5	5e-10
536	7.5	5e-10
537	7.5	5e-10
538	7.5	5e-10
539	7.5	5e-10
540	7.5	5e-10
541	7.5	5e-10
542	7.5	5e-10
543	7.5	5e-10
544	7.5	5e-10
545	7.5	5e-10
546	7.5	5e-10
547	7.5	5e-10
548	7.5	5e-10
549	7.5	5e-10
550	7.5	5e-10
551	7.5	5e-10
552	7.5	5e-10
553	7.5	5e-10
554	7.5	5e-10
555	7.5	5e-10
556	7.5	5e-10
557	7.5	5e-10
558	7.5	5e-10
559	7.5	5e-10
560	7.5	5e-10
561	7.5	5e-10
562	7.5	5e-10
563	7.5	5e-10
564	7.5	5e-10
565	7.5	5e-10
566	7.5	5e-10
567	7.5	5e-10
568	7.5	5e-10
569	7.5	5e-10
570	7.5	5e-10
571	7.5	5e-10
572	7.5	5e-10
573	7.5	5e-10
574	7.5	5e-10
575	7.5	5e-10
576	7.5	5e-10
577	7.5	5e-10
578	7.5	5e-10
579	7.5	5e-10
580	7.5	5e-10
581	7.5	5e-10
582	7.5	5e-10
583	7.5	5e-10
584	7.5	5e-10
585	7.5	5e-10
586	7.5	5e-10
587	7.5	5e-10
588	7.5	5e-10
589	7.5	5e-10
590	7.5	5e-10
591	7.5	5e-10
592	7.5	5e-10
593	7.5	5e-10
594	7.5	5e-10
595	7.5	5e-10
596	7.5	5e-10
597	7.5	5e-10
598	7.5	5e-10
599	7.5	5e-10
600	7.5	5e-10
601	7.5	5e-10
602	7.5	5e-10
603	7.5	5e-10
604	7.5	5e-10
605	7.5	5e-10
606	7.5	5e-10
607	7.5	5e-10
608	7.5	5e-10
609	7.5	5e-10
610	7.5	5e-10
611	7.5	5e-10
612	7.5	5e-10
613	7.5	5e-10
614	7.5	5e-10
615	7.5	5e-10
616	7.5	5e-10
617	7.5	5e-10
618	7.5	5e-10
619	7.5	5e-10
620	7.5	5e-10
621	7.5	5e-10
622	7.5	5e-10
623	7.5	5e-10
624	7.5	5e-10
625	7.5	5e-10
626	7.5	5e-10
627	7.5	5e-10
628	7.5	5e-10
629	7.5	5e-10
630	7.5	5e-10
631	7.5	5e-10
632	7.5	5e-10
633	7.5	5e-10
634	7.5	5e-10
635	7.5	5e-10
636	7.5	5e-10
637	7.5	5e-10
638	7.5	5e-10
639	7.5	5e-10
640	7.5	5e-10
641	7.5	5e-10
642	7.5	5e-10
643	7.5	5e-10
644	7.5	5e-10
645	7.5	5e-10
646	7.5	5e-10
647	7.5	5e-10
648	7.5	5e-10
649	7.5	5e-10
650	7.5	5e-10
651	7.5	5e-10
652	7.5	5e-10
653	7.5	5e-10
654	7.5	5e-10
655	7.5	5e-10
656	7.5	5e-10
657	7.5	5e-10
658	7.5	5e-10
659	7.5	5e-10
660	7.5	5e-10
661	7.5	5e-10
662	7.5	5e-10
663	7.5	5e-10
664	7.5	5e-10
665	7.5	5e-10
666	7.5	5e-10
667	7.5	5e-10
668	7.5	5e-10
669	7.5	5e-10
670	7.5	5e-10
671	7.5	5e-10
672	7.5	5e-10
673	7.5	5e-10
674	7.5	5e-10
675	7.5	5e-10
676	7.5	5e-10
677	7.5	5e-10
678	7.5	5e-10
679	7.5	5e-10
680	7.5	5e-10
681	7.5	5e-10
682	7.5	5e-10
683	7.5	5e-10
684	7.5	5e-10
685	7.5	5e-10
686	7.5	5e-10
687	7.5	5e-10
688	7.5	5e-10
689	7.5	5e-10
690	7.5	5e-10
691	7.5	5e-10
692	7.5	5e-10
693	7.5	5e-10
694	7.5	5e-10
695	7.5	5e-10
696	7.5	5e-10
697	7.5	5e-10
698	7.5	5e-10
699	7.5	5e-10
700	7.5	5e-10
701	7.5	5e-10
702	7.5	5e-10
703	7.5	5e-10
704	7.5	5e-10
705	7.5	5e-10
706	7.0	5e-10
707	7.0	5e-10
708	7.0	5e-10
709	7.0	5e-10
710	7.0	5e-10
711	7.0	5e-10
712	7.0	5e-10
713	7.0	5e-10
714	7.0	5e-10
715	7.0	5e-10
716	7.0	5e-10
717	7.0	5e-10
718	7.0	5e-10
719	7.0	5e-10
720	7.0	5e-10
721	7.0	5e-10
722	7.0	5e-10
723	7.0	5e-10
724	7.0	5e-10
725	7.0	5e-10
726	7.0	5e-10
727	7.0	5e-10
728	7.0	5e-10
729	7.0	5e-10
730	7.0	5e-10
731	7.0	5e-10
732	7.0	5e-10
733	7.0	5e-10
734	7.0	5e-10
735	7.0	5e-10
736	7.0	5e-10
737	7.0	5e-10
738	7.0	5e-10
739	7.0	5e-10
740	7.0	5e-10
741	7.0	5e-10
742	7.0	5e-10
743	7.0	5e-10
744	7.0	5e-10
745	7.0	5e-10
746	7.0	5e-10
747	7.0	5e-10
748	7.0	5e-10
749	7.0	5e-10
750	7.0	5e-10
751	7.0	5e-10
752	7.0	5e-10
753	7.0	5e-10
754	7.0	5e-10
755	7.0	5e-10
756	7.0	5e-10
757	7.0	5e-10
758	7.0	5e-10
759	7.0	5e-10
760	7.0	5e-10
761	7.0	5e-10
762	7.0	5e-10
763	7.0	5e-10
764	7.0	5e-10
765	7.0	5e-10
766	7.0	5e-10
767	7.0	5e-10
768	7.0	5e-10
769	7.0	5e-10
770	7.0	5e-10
771	7.0	5e-10
772	7.0	5e-10
773	7.0	5e-10
774	7.0	5e-10
775	7.0	5e-10
776	7.0	5e-10
777	7.0	5e-10
778	7.0	5e-10
779	7.0	5e-10
780	7.0	5e-10
781	7.0	5e-10
782	7.0	5e-10
783	7.0	5e-10
784	7.0	5e-10
785	7.0	5e-10
786	7.0	5e-10
787	7.0	5e-10
788	7.0	5e-10
789	7.0	5e-10
790	7.0	5e-10
791	7.0	5e-10
792	7.0	5e-10
793	7.0	5e-10
794	7.0	5e-10
795	7.0	5e-10
796	7.0	5e-10
797	7.0	5e-10
798	7.0	5e-10
799	7.0	5e-10
800	7.0	5e-10
801	7.0	5e-10
802	7.0	5e-10
803	7.0	5e-10
804	7.0	5e-10
805	7.0	5e-10
806	7.0	5e-10
807	7.0	5e-10
808	7.0	5e-10
809	7.0	5e-10
810	7.0	5e-10
811	7.0	5e-10
812	7.0	5e-10
813	7.0	5e-10
814	7.0	5e-10
815	7.0	5e-10
816	7.0	5e-10
817	7.0	5e-10
818	7.0	5e-10
819	7.0	5e-10
820	7.0	5e-10
821	7.0	5e-10
822	7.0	5e-10
823	7.0	5e-10
824	7.0	5e-10
825	7.0	5e-10
826	7.0	5e-10
827	7.0	5e-10
828	7.0	5e-10
829	7.0	5e-10
830	7.0	5e-10
831	7.0	5e-10
832	7.0	5e-10
833	7.0	5e-10
834	7.0	5e-10
835	7.0	5e-10
836	7.0	5e-10
837	7.0	5e-10
838	7.0	5e-10
839	7.0	5e-10
840	7.0	5e-10
841	7.0	5e-10
842	7.0	5e-10
843	7.0	5e-10
844	7.0	5e-10
845	7.0	5e-10
846	7.0	5e-10
847	7.0	5e-10
848	7.0	5e-10
849	7.0	5e-10
850	7.0	5e-10
851	7.0	5e-10
852	7.0	5e-10
853	7.0	5e-10
854	7.0	5e-10
855	7.0	5e-10
856	7.0	5e-10
857	7.0	5e-10
858	7.0	5e-10
859	7.0	5e-10
860	7.0	5e-10
861	7.0	5e-10
862	7.0	5e-10
863	7.0	5e-10
864	7.0	5e-10
865	7.0	5e-10
866	7.0	5e-10
867	7.0	5e-10
868	7.0	5e-10
869	7.0	5e-10
870	7.0	5e-10
871	7.0	5e-10
872	7.0	5e-10
873	7.0	5e-10
874	7.0	5e-10
875	7.0	5e-10
876	7.0	5e-10
877	7.0	5e-10
878	7.0	5e-10
879	7.0	5e-10
880	7.0	5e-10
881	7.0	5e-10
882	7.0	5e-10
883	7.0	5e-10
884	7.0	5e-10
885	7.0	5e-10
886	7.0	5e-10
887	7.0	5e-10
888	7.0	5e-10
889	7.0	5e-10
890	7.0	5e-10
891	7.0	5e-10
892	7.0	5e-10
893	7.0	5e-10
894	7.0	5e-10
895	7.0	5e-10
896	7.0	5e-10
897	7.0	5e-10
898	7.0	5e-10
899	7.0	5e-10
900	7.0	5e-10
901	7.0	5e-10
902	7.0	5e-10
903	7.0	5e-10
904	7.0	5e-10
905	7.0	5e-10
906	7.0	5e-10
907	7.0	5e-10
908	7.0	5e-10
909	7.0	5e-10
910	7.0	5e-10
911	7.0	5e-10
912	7.0	5e-10
913	7.0	5e-10
914	7.0	5e-10
915	7.0	5e-10
916	7.0	5e-10
917	7.0	5e-10
918	7.0	5e-10
919	7.0	5e-10
920	7.0	5e-10
921	7.0	5e-10
922	7.0	5e-10
923	7.0	5e-10
924	7.0	5e-10
925	7.0	5e-10
926	7.0	5e-10
927	7.0	5e-10
928	7.0	5e-10
929	7.0	5e-10
930	7.0	5e-10
931	7.0	5e-10
932	7.0	5e-10
933	7.0	5e-10
934	7.0	5e-10
935	7.0	5e-10
936	7.0	5e-10
937	7.0	5e-10
938	7.0	5e-10
939	7.0	5e-10
940	7.0	5e-10
941	7.0	5e-10
942	7.0	5e-10
943	7.0	5e-10
944	7.0	5e-10
945	7.0	5e-10
946	7.0	5e-10
947	7.0	5e-10
948	7.0	5e-10
949	7.0	5e-10
950	7.0	5e-10
951	7.0	5e-10
952	7.0	5e-10
953	7.0	5e-10
954	7.0	5e-10
955	7.0	5e-10
956	7.0	5e-10
957	7.0	5e-10
958	7.0	5e-10
959	7.0	5e-10
960	7.0	5e-10
961	7.0	5e-10
962	7.0	5e-10
963	7.0	5e-10
964	7.0	5e-10
965	7.0	5e-10
966	7.0	5e-10
967	7.0	5e-10
968	7.0	5e-10
969	7.0	5e-10
970	7.0	5e-10
971	7.0	5e-10
972	7.0	5e-10
973	7.0	5e-10
974	7.0	5e-10
975	7.0	5e-10
976	7.0	5e-10
977	7.0	5e-10
978	7.0	5e-10
979	7.0	5e-10
980	7.0	5e-10
981	7.0	5e-10
982	7.0	5e-10
983	7.0	5e-10
984	7.0	5e-10
985	7.0	5e-10
986	7.0	5e-10
987	7.0	5e-10
988	7.0	5e-10
989	7.0	5e-10
990	7.0	5e-10
991	7.0	5e-10
992	7.0	5e-10
993	7.0	5e-10
994	7.0	5e-10
995	7.0	5e-10
996	7.0	5e-10
997	7.0	5e-10
998	7.0	5e-10
999	7.0	5e-10
1000	7.0	5e-10
1001	7.0	5e-10
1002	7.0	5e-10
1003	7.0	5e-10
1004	7.0	5e-10
1005	7.0	5e-10
1006	7.0	5e-10
1007	7.0	5e-10
1008	7.0	5e-10
1009	7.0	5e-10
1010	6.5	5e-10
1011	6.5	5e-10
1012	6.5	5e-10
1013	6.5	5e-10
1014	6.5	5e-10
1015	6.5	5e-10
1016	6.5	5e-10
1017	6.5	5e-10
1018	6.5	5e-10
1019	6.5	5e-10
1020	6.5	5e-10
1021	6.5	5e-10
1022	6.5	5e-10
1023	6.5	5e-10
1024	6.5	5e-10
1025	6.5	5e-10
1026	6.5	5e-10
1027	6.5	5e-10
1028	6.5	5e-10
1029	6.5	5e-10
1030	6.5	5e-10
1031	6.5	5e-10
1032	6.5	5e-10
1033	6.5	5e-10
1034	6.5	5e-10
1035	6.5	5e-10
1036	6.5	5e-10
1037	6.5	5e-10
1038	6.5	5e-10
1039	6.5	5e-10
1040	6.5	5e-10
1041	6.5	5e-10
1042	6.5	5e-10
1043	6.5	5e-10
1044	6.5	5e-10
1045	6.5	5e-10
1046	6.5	5e-10
1047	6.5	5e-10
1048	6.5	5e-10
1049	6.5	5e-10
1050	6.5	5e-10
1051	6.5	5e-10
1052	6.5	5e-10
1053	6.5	5e-10
1054	6.5	5e-10
1055	6.5	5e-10
1056	6.5	5e-10
1057	6.5	5e-10
1058	6.5	5e-10
1059	6.5	5e-10
1060	6.5	5e-10
1061	6.5	5e-10
1062	6.5	5e-10
1063	6.5	5e-10
1064	6.5	5e-10
1065	6.5	5e-10
1066	6.5	5e-10
1067	6.5	5e-10
1068	6.5	5e-10
1069	6.5	5e-10
1070	6.5	5e-10
1071	6.5	5e-10
1072	6.5	5e-10
1073	6.5	5e-10
1074	6.5	5e-10
1075	6.5	5e-10
1076	6.5	5e-10
1077	6.5	5e-10
1078	6.5	5e-10
1079	6.5	5e-10
1080	6.5	5e-10
1081	6.5	5e-10
1082	6.5	5e-10
1083	6.5	5e-10
1084	6.5	5e-10
1085	6.5	5e-10
1086	6.5	5e-10
1087	6.5	5e-10
1088	6.5	5e-10
1089	6.5	5e-10
1090	6.5	5e-10
1091	6.5	5e-10
1092	6.5	5e-10
1093	6.5	5e-10
1094	6.5	5e-10
1095	6.5	5e-10
1096	6.5	5e-10
1097	6.5	5e-10
1098	6.5	5e-10
1099	6.5	5e-10
1100	6.5	5e-10
1101	6.5	5e-10
1102	6.5	5e-10
1103	6.5	5e-10
1104	6.5	5e-10
1105	6.5	5e-10
1106	6.5	5e-10
1107	6.5	5e-10
1108	6.5	5e-10
1109	6.5	5e-10
1110	6.5	5e-10
1111	6.5	5e-10
1112	6.5	5e-10
1113	6.5	5e-10
1114	6.5	5e-10
1115	6.5	5e-10
1116	6.5	5e-10
1117	6.5	5e-10
1118	6.5	5e-10
1119	6.5	5e-10
1120	6.5	5e-10
1121	6.5	5e-10
1122	6.5	5e-10
1123	6.5	5e-10
1124	6.5	5e-10
1125	6.5	5e-10
1126	6.5	5e-10
1127	6.5	5e-10
1128	6.5	5e-10
1129	6.5	5e-10
1130	6.5	5e-10
1131	6.5	5e-10
1132	6.5	5e-10
1133	6.5	5e-10
1134	6.5	5e-10
1135	6.5	5e-10
1136	6.5	5e-10
1137	6.5	5e-10
1138	6.5	5e-10
1139	6.5	5e-10
1140	6.5	5e-10
1141	6.5	5e-10
1142	6.5	5e-10
1143	6.5	5e-10
1144	6.5	5e-10
1145	6.5	5e-10
1146	6.5	5e-10
1147	6.5	5e-10
1148	6.5	5e-10
1149	6.5	5e-10
1150	6.5	5e-10
1151	6.5	5e-10
1152	6.5	5e-10
1153	6.5	5e-10
1154	6.5	5e-10
1155	6.5	5e-10
1156	6.5	5e-10
1157	6.5	5e-10
1158	6.5	5e-10
1159	6.5	5e-10
1160	6.5	5e-10
1161	6.5	5e-10
1162	6.5	5e-10
1163	6.5	5e-10
1164	6.5	5e-10
1165	6.5	5e-10
1166	6.5	5e-10
1167	6.5	5e-10
1168	6.5	5e-10
1169	6.5	5e-10
1170	6.5	5e-10
1171	6.5	5e-10
1172	6.5	5e-10
1173	6.5	5e-10
1174	6.5	5e-10
1175	6.5	5e-10
1176	6.5	5e-10
1177	6.5	5e-10
1178	6.5	5e-10
1179	6.5	5e-10
1180	6.5	5e-10
1181	6.5	5e-10
1182	6.5	5e-10
1183	6.5	5e-10
1184	6.5	5e-10
1185	6.5	5e-10
1186	6.5	5e-10
1187	6.5	5e-10
1188	6.5	5e-10
1189	6.5	5e-10
1190	6.5	5e-10
1191	6.5	5e-10
1192	6.5	5e-10
1193	6.5	5e-10
1194	6.5	5e-10
1195	6.5	5e-10
1196	6.5	5e-10
1197	6.5	5e-10
1198	6.5	5e-10
1199	6.5	5e-10
1200	6.5	5e-10
1201	6.5	5e-10
1202	6.5	5e-10
1203	6.5	5e-10
1204	6.5	5e-10
1205	6.5	5e-10
1206	6.5	5e-10
1207	6.5	5e-10
1208	6.5	5e-10
1209	6.5	5e-10
1210	6.5	5e-10
1211	6.5	5e-10
1212	6.5	5e-10
1213	6.5	5e-10
1214	6.5	5e-10
1215	6.5	5e-10
1216	6.5	5e-10
1217	6.5	5e-10
1218	6.5	5e-10
1219	6.5	5e-10
1220	6.5	5e-10
1221	6.5	5e-10
1222	6.5	5e-10
1223	6.5	5e-10
1224	6.5	5e-10
1225	6.5	5e-10
1226	6.5	5e-10
1227	6.5	5e-10
1228	6.5	5e-10
1229	6.5	5e-10
1230	6.5	5e-10
1231	6.5	5e-10
1232	6.5	5e-10
1233	6.5	5e-10
1234	6.5	5e-10
1235	6.5	5e-10
1236	6.5	5e-10
1237	6.5	5e-10
1238	6.5	5e-10
1239	6.5	5e-10
1240	6.5	5e-10
1241	6.5	5e-10
1242	6.5	5e-10
1243	6.5	5e-10
1244	6.5	5e-10
1245	6.5	5e-10
1246	6.5	5e-10
1247	6.5	5e-10
1248	6.5	5e-10
1249	6.5	5e-10
1250	6.5	5e-10
1251	6.5	5e-10
1252	6.5	5e-10
1253	6.5	5e-10
1254	6.5	5e-10
1255	6.5	5e-10
1256	6.5	5e-10
1257	6.5	5e-10
1258	6.5	5e-10
1259	6.5	5e-10
1260	6.5	5e-10
1261	6.5	5e-10
1262	6.5	5e-10
1263	6.5	5e-10
1264	6.5	5e-10
1265	6.5	5e-10
1266	6.5	5e-10
1267	6.5	5e-10
1268	6.5	5e-10
1269	6.5	5e-10
1270	6.5	5e-10
1271	6.5	5e-10
1272	6.5	5e-10
1273	6.5	5e-10
1274	6.5	5e-10
1275	6.5	5e-10
1276	6.5	5e-10
1277	6.5	5e-10
1278	6.5	5e-10
1279	6.5	5e-10
1280	6.5	5e-10
1281	6.5	5e-10
1282	6.5	5e-10
1283	6.5	5e-10
1284	6.5	5e-10
1285	6.5	5e-10
1286	6.5	5e-10
1287	6.5	5e-10
1288	6.5	5e-10
1289	6.5	5e-10
1290	6.5	5e-10
1291	6.5	5e-10
1292	6.5	5e-10
1293	6.5	5e-10
1294	6.5	5e-10
1295	6.5	5e-10
1296	6.5	5e-10
1297	6.5	5e-10
1298	6.5	5e-10
1299	6.5	5e-10
1300	6.5	5e-10
1301	6.5	5e-10
1302	6.5	5e-10
1303	6.5	5e-10
1304	6.5	5e-10
1305	6.5	5e-10
1306	6.5	5e-10
1307	6.5	5e-10
1308	6.5	5e-10
1309	6.5	5e-10
1310	6.5	5e-10
1311	6.5	5e-10
1312	6.5	5e-10
1313	6.5	5e-10
1314	6.5	5e-10
1315	6.5	5e-10
1316	6.5	5e-10
1317	6.5	5e-10
1318	6.5	5e-10
1319	6.5	5e-10
1320	6.5	5e-10
1321	6.5	5e-10
1322	6.5	5e-10
1323	6.5	5e-10
1324	6.5	5e-10
1325	6.5	5e-10
1326	6.5	5e-10
1327	6.5	5e-10
1328	6.5	5e-10
1329	6.5	5e-10
1330	6.5	5e-10
1331	6.5	5e-10
1332	6.5	5e-10
1333	6.5	5e-10
1334	6.5	5e-10
1335	6.5	5e-10
1336	6.5	5e-10
1337	6.5	5e-10
1338	6.5	5e-10
1339	6.5	5e-10
1340	6.5	5e-10
1341	6.5	5e-10
1342	6.5	5e-10
1343	6.5	5e-10
1344	6.5	5e-10
1345	6.5	5e-10
1346	6.5	5e-10
1347	6.5	5e-10
1348	6.5	5e-10
1349	6.5	5e-10
1350	6.5	5e-10
1351	6.5	5e-10
1352	6.5	5e-10
1353	6.5	5e-10
1354	6.5	5e-10
1355	6.5	5e-10
1356	6.5	5e-10
1357	6.5	5e-10
1358	6.5	5e-10
1359	6.5	5e-10
1360	6.5	5e-10
1361	6.5	5e-10
1362	6.5	5e-10
1363	6.5	5e-10
1364	6.5	5e-10
1365	6.5	5e-10
1366	6.5	5e-10
1367	6.5	5e-10
1368	6.5	5e-10
1369	6.5	5e-10
1370	6.5	5e-10
1371	6.5	5e-10
1372	6.5	5e-10
1373	6.0	5e-10
1374	6.0	5e-10
1375	6.0	5e-10
1376	6.0	5e-10
1377	6.0	5e-10
1378	6.0	5e-10
1379	6.0	5e-10
1380	6.0	5e-10
1381	6.0	5e-10
1382	6.0	5e-10
1383	6.0	5e-10
1384	6.0	5e-10
1385	6.0	5e-10
1386	6.0	5e-10
1387	6.0	5e-10
1388	6.0	5e-10
1389	6.0	5e-10
1390	6.0	5e-10
1391	6.0	5e-10
1392	6.0	5e-10
1393	6.0	5e-10
1394	6.0	5e-10
1395	6.0	5e-10
1396	6.0	5e-10
1397	6.0	5e-10
1398	6.0	5e-10
1399	6.0	5e-10
1400	6.0	5e-10
1401	6.0	5e-10
1402	6.0	5e-10
1403	6.0	5e-10
1404	6.0	5e-10
1405	6.0	5e-10
1406	6.0	5e-10
1407	6.0	5e-10
1408	6.0	5e-10
1409	6.0	5e-10
1410	6.0	5e-10
1411	6.0	5e-10
1412	6.0	5e-10
1413	6.0	5e-10
1414	6.0	5e-10
1415	6.0	5e-10
1416	6.0	5e-10
1417	6.0	5e-10
1418	6.0	5e-10
1419	6.0	5e-10
1420	6.0	5e-10
1421	6.0	5e-10
1422	6.0	5e-10
1423	6.0	5e-10
1424	6.0	5e-10
1425	6.0	5e-10
1426	6.0	5e-10
1427	6.0	5e-10
1428	6.0	5e-10
1429	6.0	5e-10
1430	6.0	5e-10
1431	6.0	5e-10
1432	6.0	5e-10
1433	6.0	5e-10
1434	6.0	5e-10
1435	6.0	5e-10
1436	6.0	5e-10
1437	6.0	5e-10
1438	6.0	5e-10
1439	6.0	5e-10
1440	6.0	5e-10
1441	6.0	5e-10
1442	6.0	5e-10
1443	6.0	5e-10
1444	6.0	5e-10
1445	6.0	5e-10
1446	6.0	5e-10
1447	6.0	5e-10
1448	6.0	5e-10
1449	6.0	5e-10
1450	6.0	5e-10
1451	6.0	5e-10
1452	6.0	5e-10
1453	6.0	5e-10
1454	6.0	5e-10
1455	6.0	5e-10
1456	6.0	5e-10
1457	6.0	5e-10
1458	6.0	5e-10
1459	6.0	5e-10
1460	6.0	5e-10
1461	6.0	5e-10
1462	6.0	5e-10
1463	6.0	5e-10
1464	6.0	5e-10
1465	6.0	5e-10
1466	6.0	5e-10
1467	6.0	5e-10
1468	6.0	5e-10
1469	6.0	5e-10
1470	6.0	5e-10
1471	6.0	5e-10
1472	6.0	5e-10
1473	6.0	5e-10
1474	6.0	5e-10
1475	6.0	5e-10
1476	6.0	5e-10
1477	6.0	5e-10
1478	6.0	5e-10
1479	6.0	5e-10
1480	6.0	5e-10
1481	6.0	5e-10
1482	6.0	5e-10
1483	6.0	5e-10
1484	6.0	5e-10
1485	6.0	5e-10
1486	6.0	5e-10
1487	6.0	5e-10
1488	6.0	5e-10
1489	6.0	5e-10
1490	6.0	5e-10
1491	6.0	5e-10
1492	6.0	5e-10
1493	6.0	5e-10
1494	6.0	5e-10
1495	6.0	5e-10
1496	6.0	5e-10
1497	6.0	5e-10
1498	6.0	5e-10
1499	6.0	5e-10
1500	6.0	5e-10
1501	6.0	5e-10
1502	6.0	5e-10
1503	6.0	5e-10
1504	6.0	5e-10
1505	6.0	5e-10
1506	6.0	5e-10
1507	6.0	5e-10
1508	6.0	5e-10
1509	6.0	5e-10
1510	6.0	5e-10
1511	6.0	5e-10
1512	6.0	5e-10
1513	6.0	5e-10
1514	6.0	5e-10
1515	6.0	5e-10
1516	6.0	5e-10
1517	6.0	5e-10
1518	6.0	5e-10
1519	6.0	5e-10
1520	6.0	5e-10
1521	6.0	5e-10
1522	6.0	5e-10
1523	6.0	5e-10
1524	6.0	5e-10
1525	6.0	5e-10
1526	6.0	5e-10
1527	6.0	5e-10
1528	6.0	5e-10
1529	6.0	5e-10
1530	6.0	5e-10
1531	6.0	5e-10
1532	6.0	5e-10
1533	6.0	5e-10
1534	6.0	5e-10
1535	6.0	5e-10
1536	6.0	5e-10
1537	6.0	5e-10
1538	6.0	5e-10
1539	6.0	5e-10
1540	6.0	5e-10
1541	6.0	5e-10
1542	6.0	5e-10
1543	6.0	5e-10
1544	6.0	5e-10
1545	6.0	5e-10
1546	6.0	5e-10
1547	6.0	5e-10
1548	6.0	5e-10
1549	6.0	5e-10
1550	6.0	5e-10
1551	6.0	5e-10
1552	6.0	5e-10
1553	6.0	5e-10
1554	6.0	5e-10
1555	6.0	5e-10
1556	6.0	5e-10
1557	6.0	5e-10
1558	6.0	5e-10
1559	6.0	5e-10
1560	6.0	5e-10
1561	6.0	5e-10
1562	6.0	5e-10
1563	6.0	5e-10
1564	6.0	5e-10
1565	6.0	5e-10
1566	6.0	5e-10
1567	6.0	5e-10
1568	6.0	5e-10
1569	6.0	5e-10
1570	6.0	5e-10
1571	6.0	5e-10
1572	6.0	5e-10
1573	6.0	5e-10
1574	6.0	5e-10
1575	6.0	5e-10
1576	6.0	5e-10
1577	6.0	5e-10
1578	6.0	5e-10
1579	6.0	5e-10
1580	6.0	5e-10
1581	6.0	5e-10
1582	6.0	5e-10
1583	6.0	5e-10
1584	6.0	5e-10
1585	6.0	5e-10
1586	6.0	5e-10
1587	6.0	5e-10
1588	6.0	5e-10
1589	6.0	5e-10
1590	6.0	5e-10
1591	6.0	5e-10
1592	6.0	5e-10
1593	6.0	5e-10
1594	6.0	5e-10
1595	6.0	5e-10
1596	6.0	5e-10
1597	6.0	5e-10
1598	6.0	5e-10
1599	6.0	5e-10
1600	6.0	5e-10
1601	6.0	5e-10
1602	6.0	5e-10
1603	6.0	5e-10
1604	6.0	5e-10
1605	6.0	5e-10
1606	6.0	5e-10
1607	6.0	5e-10
1608	6.0	5e-10
1609	6.0	5e-10
1610	6.0	5e-10
1611	6.0	5e-10
1612	6.0	5e-10
1613	6.0	5e-10
1614	6.0	5e-10
1615	6.0	5e-10
1616	6.0	5e-10
1617	6.0	5e-10
1618	6.0	5e-10
1619	6.0	5e-10
1620	6.0	5e-10
1621	6.0	5e-10
1622	6.0	5e-10
1623	6.0	5e-10
1624	6.0	5e-10
1625	6.0	5e-10
1626	6.0	5e-10
1627	6.0	5e-10
1628	6.0	5e-10
1629	6.0	5e-10
1630	6.0	5e-10
1631	6.0	5e-10
1632	6.0	5e-10
1633	6.0	5e-10
1634	6.0	5e-10
1635	6.0	5e-10
1636	6.0	5e-10
1637	6.0	5e-10
1638	6.0	5e-10
1639	6.0	5e-10
1640	6.0	5e-10
1641	6.0	5e-10
1642	6.0	5e-10
1643	6.0	5e-10
1644	6.0	5e-10
1645	6.0	5e-10
1646	6.0	5e-10
1647	6.0	5e-10
1648	6.0	5e-10
1649	6.0	5e-10
1650	6.0	5e-10
1651	6.0	5e-10
1652	6.0	5e-10
1653	6.0	5e-10
1654	6.0	5e-10
1655	6.0	5e-10
1656	6.0	5e-10
1657	6.0	5e-10
1658	6.0	5e-10
1659	6.0	5e-10
1660	6.0	5e-10
1661	6.0	5e-10
1662	6.0	5e-10
1663	6.0	5e-10
1664	6.0	5e-10
1665	6.0	5e-10
1666	6.0	5e-10
1667	6.0	5e-10
1668	6.0	5e-10
1669	6.0	5e-10
1670	6.0	5e-10
1671	6.0	5e-10
1672	6.0	5e-10
1673	6.0	5e-10
1674	6.0	5e-10
1675	6.0	5e-10
1676	6.0	5e-10
1677	6.0	5e-10
1678	6.0	5e-10
1679	6.0	5e-10
1680	6.0	5e-10
1681	6.0	5e-10
1682	6.0	5e-10
1683	6.0	5e-10
1684	6.0	5e-10
1685	6.0	5e-10
1686	6.0	5e-10
1687	6.0	5e-10
1688	6.0	5e-10
1689	6.0	5e-10
1690	6.0	5e-10
1691	6.0	5e-10
1692	6.0	5e-10
1693	6.0	5e-10
1694	6.0	5e-10
1695	6.0	5e-10
1696	6.0	5e-10
1697	6.0	5e-10
1698	6.0	5e-10
1699	6.0	5e-10
1700	6.0	5e-10
1701	6.0	5e-10
1702	6.0	5e-10
1703	6.0	5e-10
1704	6.0	5e-10
1705	6.0	5e-10
1706	6.0	5e-10
1707	6.0	5e-10
1708	6.0	5e-10
1709	6.0	5e-10
1710	6.0	5e-10
1711	6.0	5e-10
1712	6.0	5e-10
1713	6.0	5e-10
1714	6.0	5e-10
1715	6.0	5e-10
1716	6.0	5e-10
1717	6.0	5e-10
1718	6.0	5e-10
1719	6.0	5e-10
1720	6.0	5e-10
1721	6.0	5e-10
1722	6.0	5e-10
1723	6.0	5e-10
1724	6.0	5e-10
1725	6.0	5e-10
1726	6.0	5e-10
1727	6.0	5e-10
1728	6.0	5e-10
1729	6.0	5e-10
1730	6.0	5e-10
1731	6.0	5e-10
1732	6.0	5e-10
1733	6.0	5e-10
1734	6.0	5e-10
1735	6.0	5e-10
1736	6.0	5e-10
1737	6.0	5e-10
1738	6.0	5e-10
1739	6.0	5e-10
1740	6.0	5e-10
1741	6.0	5e-10
1742	6.0	5e-10
1743	6.0	5e-10
1744	6.0	5e-10
1745	6.0	5e-10
1746	6.0	5e-10
1747	6.0	5e-10
1748	6.0	5e-10
1749	5.5	5e-10
1750	5.5	5e-10
1751	5.5	5e-10
1752	5.5	5e-10
1753	5.5	5e-10
1754	5.5	5e-10
1755	5.5	5e-10
1756	5.5	5e-10
1757	5.5	5e-10
1758	5.5	5e-10
1759	5.5	5e-10
1760	5.5	5e-10
1761	5.5	5e-10
1762	5.5	5e-10
1763	5.5	5e-10
1764	5.5	5e-10
1765	5.5	5e-10
1766	5.5	5e-10
1767	5.5	5e-10
1768	5.5	5e-10
1769	5.5	5e-10
1770	5.5	5e-10
1771	5.5	5e-10
1772	5.5	5e-10
1773	5.5	5e-10
1774	5.5	5e-10
1775	5.5	5e-10
1776	5.5	5e-10
1777	5.5	5e-10
1778	5.5	5e-10
1779	5.5	5e-10
1780	5.5	5e-10
1781	5.5	5e-10
1782	5.5	5e-10
1783	5.5	5e-10
1784	5.5	5e-10
1785	5.5	5e-10
1786	5.5	5e-10
1787	5.5	5e-10
1788	5.5	5e-10
1789	5.5	5e-10
1790	5.5	5e-10
1791	5.5	5e-10
1792	5.5	5e-10
1793	5.5	5e-10
1794	5.5	5e-10
1795	5.5	5e-10
1796	5.5	5e-10
1797	5.5	5e-10
1798	5.5	5e-10
1799	5.5	5e-10
1800	5.5	5e-10
1801	5.5	5e-10
1802	5.5	5e-10
1803	5.5	5e-10
1804	5.5	5e-10
1805	5.5	5e-10
1806	5.5	5e-10
1807	5.5	5e-10
1808	5.5	5e-10
1809	5.5	5e-10
1810	5.5	5e-10
1811	5.5	5e-10
1812	5.5	5e-10
1813	5.5	5e-10
1814	5.5	5e-10
1815	5.5	5e-10
1816	5.5	5e-10
1817	5.5	5e-10
1818	5.5	5e-10
1819	5.5	5e-10
1820	5.5	5e-10
1821	5.5	5e-10
1822	5.5	5e-10
1823	5.5	5e-10
1824	5.5	5e-10
1825	5.5	5e-10
1826	5.5	5e-10
1827	5.5	5e-10
1828	5.5	5e-10
1829	5.5	5e-10
1830	5.5	5e-10
1831	5.5	5e-10
1832	5.5	5e-10
1833	5.5	5e-10
1834	5.5	5e-10
1835	5.5	5e-10
1836	5.5	5e-10
1837	5.5	5e-10
1838	5.5	5e-10
1839	5.5	5e-10
1840	5.5	5e-10
1841	5.5	5e-10
1842	5.5	5e-10
1843	5.5	5e-10
1844	5.5	5e-10
1845	5.5	5e-10
1846	5.5	5e-10
1847	5.5	5e-10
1848	5.5	5e-10
1849	5.5	5e-10
1850	5.5	5e-10
1851	5.5	5e-10
1852	5.5	5e-10
1853	5.5	5e-10
1854	5.5	5e-10
1855	5.5	5e-10
1856	5.5	5e-10
1857	5.5	5e-10
1858	5.5	5e-10
1859	5.5	5e-10
1860	5.5	5e-10
1861	5.5	5e-10
1862	5.5	5e-10
1863	5.5	5e-10
1864	5.5	5e-10
1865	5.5	5e-10
1866	5.5	5e-10
1867	5.5	5e-10
1868	5.5	5e-10
1869	5.5	5e-10
1870	5.5	5e-10
1871	5.5	5e-10
1872	5.5	5e-10
1873	5.5	5e-10
1874	5.5	5e-10
1875	5.5	5e-10
1876	5.5	5e-10
1877	5.5	5e-10
1878	5.5	5e-10
1879	5.5	5e-10
1880	5.5	5e-10
1881	5.5	5e-10
1882	5.5	5e-10
1883	5.5	5e-10
1884	5.5	5e-10
1885	5.5	5e-10
1886	5.5	5e-10
1887	5.5	5e-10
1888	5.5	5e-10
1889	5.5	5e-10
1890	5.5	5e-10
1891	5.5	5e-10
1892	5.5	5e-10
1893	5.5	5e-10
1894	5.5	5e-10
1895	5.5	5e-10
1896	5.5	5e-10
1897	5.5	5e-10
1898	5.5	5e-10
1899	5.5	5e-10
1900	5.5	5e-10
1901	5.5	5e-10
1902	5.5	5e-10
1903	5.5	5e-10
1904	5.5	5e-10
1905	5.5	5e-10
1906	5.5	5e-10
1907	5.5	5e-10
1908	5.5	5e-10
1909	5.5	5e-10
1910	5.5	5e-10
1911	5.5	5e-10
1912	5.5	5e-10
1913	5.5	5e-10
1914	5.5	5e-10
1915	5.5	5e-10
1916	5.5	5e-10
1917	5.5	5e-10
1918	5.5	5e-10
1919	5.5	5e-10
1920	5.5	5e-10
1921	5.5	5e-10
1922	5.5	5e-10
1923	5.5	5e-10
1924	5.5	5e-10
1925	5.5	5e-10
1926	5.5	5e-10
1927	5.5	5e-10
1928	5.5	5e-10
1929	5.5	5e-10
1930	5.5	5e-10
1931	5.5	5e-10
1932	5.5	5e-10
1933	5.5	5e-10
1934	5.5	5e-10
1935	5.5	5e-10
1936	5.5	5e-10
1937	5.5	5e-10
1938	5.5	5e-10
1939	5.5	5e-10
1940	5.5	5e-10
1941	5.5	5e-10
1942	5.5	5e-10
1943	5.5	5e-10
1944	5.5	5e-10
1945	5.5	5e-10
1946	5.5	5e-10
1947	5.5	5e-10
1948	5.5	5e-10
1949	5.5	5e-10
1950	5.5	5e-10
1951	5.5	5e-10
1952	5.5	5e-10
1953	5.5	5e-10
1954	5.5	5e-10
1955	5.5	5e-10
1956	5.5	5e-10
1957	5.5	5e-10
1958	5.5	5e-10
1959	5.5	5e-10
1960	5.5	5e-10
1961	5.5	5e-10
1962	5.5	5e-10
1963	5.5	5e-10
1964	5.5	5e-10
1965	5.5	5e-10
1966	5.5	5e-10
1967	5.5	5e-10
1968	5.5	5e-10
1969	5.5	5e-10
1970	5.5	5e-10
1971	5.5	5e-10
1972	5.5	5e-10
1973	5.5	5e-10
1974	5.5	5e-10
1975	5.5	5e-10
1976	5.5	5e-10
1977	5.5	5e-10
1978	5.5	5e-10
1979	5.5	5e-10
1980	5.5	5e-10
1981	5.5	5e-10
1982	5.5	5e-10
1983	5.5	5e-10
1984	5.5	5e-10
1985	5.5	5e-10
1986	5.5	5e-10
1987	5.5	5e-10
1988	5.5	5e-10
1989	5.5	5e-10
1990	5.5	5e-10
1991	5.5	5e-10
1992	5.5	5e-10
1993	5.5	5e-10
1994	5.5	5e-10
1995	5.5	5e-10
1996	5.5	5e-10
1997	5.5	5e-10
1998	5.5	5e-10
1999	5.5	5e-10
2000	5.5	5e-10
2001	5.5	5e-10
2002	5.5	5e-10
2003	5.5	5e-10
2004	5.5	5e-10
2005	5.5	5e-10
2006	5.5	5e-10
2007	5.5	5e-10
2008	5.5	5e-10
2009	5.5	5e-10
2010	5.5	5e-10
2011	5.5	5e-10
2012	5.5	5e-10
2013	5.5	5e-10
2014	5.5	5e-10
2015	5.5	5e-10
2016	5.5	5e-10
2017	5.5	5e-10
2018	5.5	5e-10
2019	5.5	5e-10
2020	5.5	5e-10
2021	5.5	5e-10
2022	5.5	5e-10
2023	5.5	5e-10
2024	5.5	5e-10
2025	5.5	5e-10
2026	5.5	5e-10
2027	5.5	5e-10
2028	5.5	5e-10
2029	5.5	5e-10
2030	5.5	5e-10
2031	5.5	5e-10
2032	5.5	5e-10
2033	5.5	5e-10
2034	5.5	5e-10
2035	5.5	5e-10
2036	5.5	5e-10
2037	5.5	5e-10
2038	5.5	5e-10
2039	5.5	5e-10
2040	5.5	5e-10
2041	5.5	5e-10
2042	5.5	5e-10
2043	5.5	5e-10
2044	5.5	5e-10
2045	5.0	5e-10
2046	5.0	5e-10
2047	5.0	5e-10
2048	5.0	5e-10
2049	5.0	5e-10
2050	5.0	5e-10
2051	5.0	5e-10
2052	5.0	5e-10
2053	5.0	5e-10
2054	5.0	5e-10
2055	5.0	5e-10
2056	5.0	5e-10
2057	5.0	5e-10
2058	5.0	5e-10
2059	5.0	5e-10
2060	5.0	5e-10
2061	5.0	5e-10
2062	5.0	5e-10
2063	5.0	5e-10
2064	5.0	5e-10
2065	5.0	5e-10
2066	5.0	5e-10
2067	5.0	5e-10
2068	5.0	5e-10
2069	5.0	5e-10
2070	5.0	5e-10
2071	5.0	5e-10
2072	5.0	5e-10
2073	5.0	5e-10
2074	5.0	5e-10
2075	5.0	5e-10
2076	5.0	5e-10
2077	5.0	5e-10
2078	5.0	5e-10
2079	5.0	5e-10
2080	5.0	5e-10
2081	5.0	5e-10
2082	5.0	5e-10
2083	5.0	5e-10
2084	5.0	5e-10
2085	5.0	5e-10
2086	5.0	5e-10
2087	5.0	5e-10
2088	5.0	5e-10
2089	5.0	5e-10
2090	5.0	5e-10
2091	5.0	5e-10
2092	5.0	5e-10
2093	5.0	5e-10
2094	5.0	5e-10
2095	5.0	5e-10
2096	5.0	5e-10
2097	5.0	5e-10
2098	5.0	5e-10
2099	5.0	5e-10
2100	5.0	5e-10
2101	5.0	5e-10
2102	5.0	5e-10
2103	5.0	5e-10
2104	5.0	5e-10
2105	5.0	5e-10
2106	5.0	5e-10
2107	5.0	5e-10
2108	5.0	5e-10
2109	5.0	5e-10
2110	5.0	5e-10
2111	5.0	5e-10
2112	5.0	5e-10
2113	5.0	5e-10
2114	5.0	5e-10
2115	5.0	5e-10
2116	5.0	5e-10
2117	5.0	5e-10
2118	5.0	5e-10
2119	5.0	5e-10
2120	5.0	5e-10
2121	5.0	5e-10
2122	5.0	5e-10
2123	5.0	5e-10
2124	5.0	5e-10
2125	5.0	5e-10
2126	5.0	5e-10
2127	5.0	5e-10
2128	5.0	5e-10
2129	5.0	5e-10
2130	5.0	5e-10
2131	5.0	5e-10
2132	5.0	5e-10
2133	5.0	5e-10
2134	5.0	5e-10
2135	5.0	5e-10
2136	5.0	5e-10
2137	5.0	5e-10
2138	5.0	5e-10
2139	5.0	5e-10
2140	5.0	5e-10
2141	5.0	5e-10
2142	5.0	5e-10
2143	5.0	5e-10
2144	5.0	5e-10
2145	5.0	5e-10
2146	5.0	5e-10
2147	5.0	5e-10
2148	5.0	5e-10
2149	5.0	5e-10
2150	5.0	5e-10
2151	5.0	5e-10
2152	5.0	5e-10
2153	5.0	5e-10
2154	5.0	5e-10
2155	5.0	5e-10
2156	5.0	5e-10
2157	5.0	5e-10
2158	5.0	5e-10
2159	5.0	5e-10
2160	5.0	5e-10
2161	5.0	5e-10
2162	5.0	5e-10
2163	5.0	5e-10
2164	5.0	5e-10
2165	5.0	5e-10
2166	5.0	5e-10
2167	5.0	5e-10
2168	5.0	5e-10
2169	5.0	5e-10
2170	5.0	5e-10
2171	5.0	5e-10
2172	5.0	5e-10
2173	5.0	5e-10
2174	5.0	5e-10
2175	5.0	5e-10
2176	5.0	5e-10
2177	5.0	5e-10
2178	5.0	5e-10
2179	5.0	5e-10
2180	5.0	5e-10
2181	5.0	5e-10
2182	5.0	5e-10
2183	5.0	5e-10
2184	5.0	5e-10
2185	5.0	5e-10
2186	5.0	5e-10
2187	5.0	5e-10
2188	5.0	5e-10
2189	5.0	5e-10
2190	5.0	5e-10
2191	5.0	5e-10
2192	5.0	5e-10
2193	5.0	5e-10
2194	5.0	5e-10
2195	5.0	5e-10
2196	5.0	5e-10
2197	5.0	5e-10
2198	5.0	5e-10
2199	5.0	5e-10
2200	5.0	5e-10
2201	5.0	5e-10
2202	5.0	5e-10
2203	5.0	5e-10
2204	5.0	5e-10
2205	5.0	5e-10
2206	5.0	5e-10
2207	5.0	5e-10
2208	5.0	5e-10
2209	5.0	5e-10
2210	5.0	5e-10
2211	5.0	5e-10
2212	5.0	5e-10
2213	5.0	5e-10
2214	5.0	5e-10
2215	5.0	5e-10
2216	5.0	5e-10
2217	5.0	5e-10
2218	5.0	5e-10
2219	5.0	5e-10
2220	5.0	5e-10
2221	5.0	5e-10
2222	5.0	5e-10
2223	5.0	5e-10
2224	5.0	5e-10
2225	5.0	5e-10
2226	5.0	5e-10
2227	5.0	5e-10
2228	5.0	5e-10
2229	5.0	5e-10
2230	5.0	5e-10
2231	5.0	5e-10
2232	5.0	5e-10
2233	5.0	5e-10
2234	5.0	5e-10
2235	5.0	5e-10
2236	5.0	5e-10
2237	5.0	5e-10
2238	5.0	5e-10
2239	5.0	5e-10
2240	5.0	5e-10
2241	5.0	5e-10
2242	5.0	5e-10
2243	5.0	5e-10
2244	5.0	5e-10
2245	5.0	5e-10
2246	5.0	5e-10
2247	5.0	5e-10
2248	5.0	5e-10
2249	5.0	5e-10
2250	5.0	5e-10
2251	5.0	5e-10
2252	5.0	5e-10
2253	5.0	5e-10
2254	5.0	5e-10
2255	5.0	5e-10
2256	5.0	5e-10
2257	5.0	5e-10
2258	5.0	5e-10
2259	5.0	5e-10
2260	5.0	5e-10
2261	5.0	5e-10
2262	5.0	5e-10
2263	5.0	5e-10
2264	5.0	5e-10
2265	5.0	5e-10
2266	5.0	5e-10
2267	5.0	5e-10
2268	5.0	5e-10
2269	4.5	5e-10
2270	4.5	5e-10
2271	4.5	5e-10
2272	4.5	5e-10
2273	4.5	5e-10
2274	4.5	5e-10
2275	4.5	5e-10
2276	4.5	5e-10
2277	4.5	5e-10
2278	4.5	5e-10
2279	4.5	5e-10
2280	4.5	5e-10
2281	4.5	5e-10
2282	4.5	5e-10
2283	4.5	5e-10
2284	4.5	5e-10
2285	4.5	5e-10
2286	4.5	5e-10
2287	4.5	5e-10
2288	4.5	5e-10
2289	4.5	5e-10
2290	4.5	5e-10
2291	4.5	5e-10
2292	4.5	5e-10
2293	4.5	5e-10
2294	4.5	5e-10
2295	4.5	5e-10
2296	4.5	5e-10
2297	4.5	5e-10
2298	4.5	5e-10
2299	4.5	5e-10
2300	4.5	5e-10
2301	4.5	5e-10
2302	4.5	5e-10
2303	4.5	5e-10
2304	4.5	5e-10
2305	4.5	5e-10
2306	4.5	5e-10
2307	4.5	5e-10
2308	4.5	5e-10
2309	4.5	5e-10
2310	4.5	5e-10
2311	4.5	5e-10
2312	4.5	5e-10
2313	4.5	5e-10
2314	4.5	5e-10
2315	4.5	5e-10
2316	4.5	5e-10
2317	4.5	5e-10
2318	4.5	5e-10
2319	4.5	5e-10
2320	4.5	5e-10
2321	4.5	5e-10
2322	4.5	5e-10
2323	4.5	5e-10
2324	4.5	5e-10
2325	4.5	5e-10
2326	4.5	5e-10
2327	4.5	5e-10
2328	4.5	5e-10
2329	4.5	5e-10
2330	4.5	5e-10
2331	4.5	5e-10
2332	4.5	5e-10
2333	4.5	5e-10
2334	4.5	5e-10
2335	4.5	5e-10
2336	4.5	5e-10
2337	4.5	5e-10
2338	4.5	5e-10
2339	4.5	5e-10
2340	4.5	5e-10
2341	4.5	5e-10
2342	4.5	5e-10
2343	4.5	5e-10
2344	4.5	5e-10
2345	4.5	5e-10
2346	4.5	5e-10
2347	4.5	5e-10
2348	4.5	5e-10
2349	4.5	5e-10
2350	4.5	5e-10
2351	4.5	5e-10
2352	4.5	5e-10
2353	4.5	5e-10
2354	4.5	5e-10
2355	4.5	5e-10
2356	4.5	5e-10
2357	4.5	5e-10
2358	4.5	5e-10
2359	4.5	5e-10
2360	4.5	5e-10
2361	4.5	5e-10
2362	4.5	5e-10
2363	4.5	5e-10
2364	4.5	5e-10
2365	4.5	5e-10
2366	4.5	5e-10
2367	4.5	5e-10
2368	4.5	5e-10
2369	4.5	5e-10
2370	4.5	5e-10
2371	4.5	5e-10
2372	4.5	5e-10
2373	4.5	5e-10
2374	4.5	5e-10
2375	4.5	5e-10
2376	4.5	5e-10
2377	4.5	5e-10
2378	4.5	5e-10
2379	4.5	5e-10
2380	4.5	5e-10
2381	4.5	5e-10
2382	4.5	5e-10
2383	4.5	5e-10
2384	4.5	5e-10
2385	4.5	5e-10
2386	4.5	5e-10
2387	4.5	5e-10
2388	4.5	5e-10
2389	4.5	5e-10
2390	4.5	5e-10
2391	4.5	5e-10
2392	4.5	5e-10
2393	4.5	5e-10
2394	4.5	5e-10
2395	4.5	5e-10
2396	4.5	5e-10
2397	4.5	5e-10
2398	4.5	5e-10
2399	4.5	5e-10
2400	4.5	5e-10
2401	4.5	5e-10
2402	4.5	5e-10
2403	4.5	5e-10
2404	4.5	5e-10
2405	4.5	5e-10
2406	4.5	5e-10
2407	4.5	5e-10
2408	4.5	5e-10
2409	4.5	5e-10
2410	4.5	5e-10
2411	4.5	5e-10
2412	4.5	5e-10
2413	4.5	5e-10
2414	4.5	5e-10
2415	4.5	5e-10
2416	4.5	5e-10
2417	4.5	5e-10
2418	4.5	5e-10
2419	4.0	5e-10
2420	4.0	5e-10
2421	4.0	5e-10
2422	4.0	5e-10
2423	4.0	5e-10
2424	4.0	5e-10
2425	4.0	5e-10
2426	4.0	5e-10
2427	4.0	5e-10
2428	4.0	5e-10
2429	4.0	5e-10
2430	4.0	5e-10
2431	4.0	5e-10
2432	4.0	5e-10
2433	4.0	5e-10
2434	4.0	5e-10
2435	4.0	5e-10
2436	4.0	5e-10
2437	4.0	5e-10
2438	4.0	5e-10
2439	4.0	5e-10
2440	4.0	5e-10
2441	4.0	5e-10
2442	4.0	5e-10
2443	4.0	5e-10
2444	4.0	5e-10
2445	4.0	5e-10
2446	4.0	5e-10
2447	4.0	5e-10
2448	4.0	5e-10
2449	4.0	5e-10
2450	4.0	5e-10
2451	4.0	5e-10
2452	4.0	5e-10
2453	4.0	5e-10
2454	4.0	5e-10
2455	4.0	5e-10
2456	4.0	5e-10
2457	4.0	5e-10
2458	4.0	5e-10
2459	4.0	5e-10
2460	4.0	5e-10
2461	4.0	5e-10
2462	4.0	5e-10
2463	4.0	5e-10
2464	4.0	5e-10
2465	4.0	5e-10
2466	4.0	5e-10
2467	4.0	5e-10
2468	4.0	5e-10
2469	4.0	5e-10
2470	4.0	5e-10
2471	4.0	5e-10
2472	4.0	5e-10
2473	4.0	5e-10
2474	4.0	5e-10
2475	4.0	5e-10
2476	4.0	5e-10
2477	4.0	5e-10
2478	4.0	5e-10
2479	4.0	5e-10
2480	4.0	5e-10
2481	4.0	5e-10
2482	4.0	5e-10
2483	4.0	5e-10
2484	4.0	5e-10
2485	4.0	5e-10
2486	4.0	5e-10
2487	4.0	5e-10
2488	4.0	5e-10
2489	4.0	5e-10
2490	4.0	5e-10
2491	4.0	5e-10
2492	4.0	5e-10
2493	4.0	5e-10
2494	4.0	5e-10
2495	4.0	5e-10
2496	4.0	5e-10
2497	4.0	5e-10
2498	4.0	5e-10
2499	4.0	5e-10
2500	4.0	5e-10
2501	4.0	5e-10
2502	4.0	5e-10
2503	4.0	5e-10
2504	4.0	5e-10
2505	4.0	5e-10
2506	4.0	5e-10
2507	4.0	5e-10
2508	4.0	5e-10
2509	4.0	5e-10
2510	4.0	5e-10
2511	4.0	5e-10
2512	4.0	5e-10
2513	4.0	5e-10
2514	4.0	5e-10
2515	4.0	5e-10
2516	4.0	5e-10
2517	4.0	5e-10
2518	4.0	5e-10
2519	4.0	5e-10
2520	4.0	5e-10
2521	3.5	5e-10
2522	3.5	5e-10
2523	3.5	5e-10
2524	3.5	5e-10
2525	3.5	5e-10
2526	3.5	5e-10
2527	3.5	5e-10
2528	3.5	5e-10
2529	3.5	5e-10
2530	3.5	5e-10
2531	3.5	5e-10
2532	3.5	5e-10
2533	3.5	5e-10
2534	3.5	5e-10
2535	3.5	5e-10
2536	3.5	5e-10
2537	3.5	5e-10
2538	3.5	5e-10
2539	3.5	5e-10
2540	3.5	5e-10
2541	3.5	5e-10
2542	3.5	5e-10
2543	3.5	5e-10
2544	3.5	5e-10
2545	3.5	5e-10
2546	3.5	5e-10
2547	3.5	5e-10
2548	3.5	5e-10
2549	3.5	5e-10
2550	3.5	5e-10
2551	3.5	5e-10
2552	3.5	5e-10
2553	3.5	5e-10
2554	3.5	5e-10
2555	3.5	5e-10
2556	3.5	5e-10
2557	3.5	5e-10
2558	3.5	5e-10
2559	3.5	5e-10
2560	3.5	5e-10
2561	3.5	5e-10
2562	3.5	5e-10
2563	3.5	5e-10
2564	3.5	5e-10
2565	3.5	5e-10
2566	3.5	5e-10
2567	3.5	5e-10
2568	3.5	5e-10
2569	3.5	5e-10
2570	3.5	5e-10
2571	3.5	5e-10
2572	3.5	5e-10
2573	3.5	5e-10
2574	3.5	5e-10
2575	3.5	5e-10
2576	3.5	5e-10
2577	3.5	5e-10
2578	3.5	5e-10
2579	3.5	5e-10
2580	3.5	5e-10
2581	3.5	5e-10
2582	3.5	5e-10
2583	3.5	5e-10
2584	3.5	5e-10
2585	3.5	5e-10
2586	3.5	5e-10
2587	3.5	5e-10
2588	3.5	5e-10
2589	3.5	5e-10
2590	3.5	5e-10
2591	3.5	5e-10
2592	3.5	5e-10
2593	3.5	5e-10
2594	3.0	5e-10
2595	3.0	5e-10
2596	3.0	5e-10
2597	3.0	5e-10
2598	3.0	5e-10
2599	3.0	5e-10
2600	3.0	5e-10
2601	3.0	5e-10
2602	3.0	5e-10
2603	3.0	5e-10
2604	3.0	5e-10
2605	3.0	5e-10
2606	3.0	5e-10
2607	3.0	5e-10
2608	3.0	5e-10
2609	3.0	5e-10
2610	3.0	5e-10
2611	3.0	5e-10
2612	3.0	5e-10
2613	3.0	5e-10
2614	3.0	5e-10
2615	3.0	5e-10
2616	3.0	5e-10
2617	3.0	5e-10
2618	3.0	5e-10
2619	3.0	5e-10
2620	3.0	5e-10
2621	3.0	5e-10
2622	3.0	5e-10
2623	3.0	5e-10
2624	3.0	5e-10
2625	3.0	5e-10
2626	3.0	5e-10
2627	3.0	5e-10
2628	3.0	5e-10
2629	3.0	5e-10
2630	3.0	5e-10
2631	3.0	5e-10
2632	3.0	5e-10
2633	3.0	5e-10
2634	3.0	5e-10
2635	3.0	5e-10
2636	3.0	5e-10
2637	3.0	5e-10
2638	3.0	5e-10
2639	3.0	5e-10
2640	3.0	5e-10
2641	2.5	5e-10
2642	2.5	5e-10
2643	2.5	5e-10
2644	2.5	5e-10
2645	2.5	5e-10
2646	2.5	5e-10
2647	2.5	5e-10
2648	2.5	5e-10
2649	2.5	5e-10
2650	2.5	5e-10
2651	2.5	5e-10
2652	2.5	5e-10
2653	2.5	5e-10
2654	2.5	5e-10
2655	2.5	5e-10
2656	2.5	5e-10
2657	2.5	5e-10
2658	2.5	5e-10
2659	2.5	5e-10
2660	2.5	5e-10
2661	2.5	5e-10
2662	2.5	5e-10
2663	2.5	5e-10
2664	2.5	5e-10
2665	2.5	5e-10
2666	2.5	5e-10
2667	2.5	5e-10
2668	2.5	5e-10
2669	2.5	5e-10
2670	2.5	5e-10
2671	2.5	5e-10
2672	2.5	5e-10
2673	2.5	5e-10
2674	2.5	5e-10
2675	2.5	5e-10
2676	2.5	5e-10
2677	2.5	5e-10
2678	2.5	5e-10
2679	2.5	5e-10
2680	2.5	5e-10
2681	2.5	5e-10
2682	2.0	5e-10
2683	2.0	5e-10
2684	2.0	5e-10
2685	2.0	5e-10
2686	2.0	5e-10
2687	2.0	5e-10
2688	2.0	5e-10
2689	2.0	5e-10
2690	2.0	5e-10
2691	2.0	5e-10
2692	2.0	5e-10
2693	2.0	5e-10
2694	2.0	5e-10
2695	2.0	5e-10
2696	2.0	5e-10
2697	2.0	5e-10
2698	2.0	5e-10
2699	2.0	5e-10
2700	2.0	5e-10
2701	2.0	5e-10
2702	2.0	5e-10
2703	2.0	5e-10
2704	2.0	5e-10
2705	2.0	5e-10
2706	2.0	5e-10
2707	2.0	5e-10
2708	2.0	5e-10
2709	2.0	5e-10
2710	2.0	5e-10
2711	2.0	5e-10
2712	2.0	5e-10
2713	1.5	5e-10
2714	1.5	5e-10
2715	1.5	5e-10
2716	1.5	5e-10
2717	1.5	5e-10
2718	1.5	5e-10
2719	1.5	5e-10
2720	1.5	5e-10
2721	1.5	5e-10
2722	1.5	5e-10
2723	1.5	5e-10
2724	1.5	5e-10
2725	1.5	5e-10
2726	1.5	5e-10
2727	1.5	5e-10
2728	1.5	5e-10
2729	1.5	5e-10
2730	1.5	5e-10
2731	1.5	5e-10
2732	1.5	5e-10
2733	1.5	5e-10
2734	1.5	5e-10
2735	1.5	5e-10
2736	1.5	5e-10
2737	1.5	5e-10
2738	1.5	5e-10
2739	1.5	5e-10
2740	1.5	5e-10
2741	1.5	5e-10
2742	1.5	5e-10
2743	1.5	5e-10
2744	1.5	5e-10
2745	1.5	5e-10
2746	1.5	5e-10
2747	1.5	5e-10
2748	1.5	5e-10
2749	1.5	5e-10
2750	1.0	5e-10
2751	1.0	5e-10
2752	1.0	5e-10
2753	1.0	5e-10
2754	1.0	5e-10
2755	1.0	5e-10
2756	1.0	5e-10
2757	1.0	5e-10
2758	1.0	5e-10
2759	1.0	5e-10
2760	1.0	5e-10
2761	1.0	5e-10
2762	1.0	5e-10
2763	1.0	5e-10
2764	1.0	5e-10
2765	1.0	5e-10
2766	1.0	5e-10
2767	0.5	5e-10
2768	0.5	5e-10
2769	0.5	5e-10
2770	0.5	5e-10
2771	0.5	5e-10
2772	0.5	5e-10
2773	0.5	5e-10
2774	0.5	5e-10
2775	0.5	5e-10
2776	0.5	5e-10
2777	0.5	5e-10
2778	0.5	5e-10
2779	0.5	5e-10
2780	0.5	5e-10
2781	0.5	5e-10
2782	0.5	5e-10
2783	0.5	5e-10
2784	0.5	5e-10
2785	0.5	5e-10
2786	-0.5	5e-10
2787	-0.5	5e-10
2788	-0.5	5e-10
2789	-0.5	5e-10
2790	-0.5	5e-10
2791	-0.5	5e-10
2792	-0.5	5e-10
2793	-1.0	5e-10
2794	-1.0	5e-10
2795	-1.0	5e-10
2796	-1.0	5e-10
2797	-1.0	5e-10
2798	-1.0	5e-10
2799	-1.0	5e-10
2800	-1.0	5e-10
2801	-1.5	5e-10
2802	-1.5	5e-10
2803	-1.5	5e-10
2804	-1.5	5e-10
2805	-1.5	5e-10
2806	-1.5	5e-10
2807	-1.5	5e-10
2808	-1.5	5e-10
2809	-1.5	5e-10
2810	-2.0	5e-10
2811	-2.0	5e-10
2812	-2.0	5e-10
2813	-2.0	5e-10
2814	-2.0	5e-10
2815	-2.0	5e-10
2816	-2.0	5e-10
2817	-2.0	5e-10
2818	-2.0	5e-10
2819	-2.5	5e-10
2820	-2.5	5e-10
2821	-2.5	5e-10
2822	-2.5	5e-10
2823	-3.0	5e-10
2824	-3.0	5e-10
2825	-3.0	5e-10
2826	-3.0	5e-10
2827	-3.0	5e-10
2828	-3.5	5e-10
2829	-3.5	5e-10
2830	-4.0	5e-10
2831	-4.0	5e-10
2832	-4.0	5e-10
2833	-4.5	5e-10
2834	-4.5	5e-10
2835	-4.5	5e-10
2836	-5.0	5e-10
2837	-5.0	5e-10
2838	-5.5	5e-10
2839	-5.5	5e-10
2840	-6.5	5e-10
2841	-6.5	5e-10
2842	-6.5	5e-10
2843	-7.0	5e-10
2844	-8.0	5e-10
2845	-8.5	5e-10
2846	-8.5	5e-10
2847	-9.0	5e-10
