Time [us] - histogram	Counts - histogram
0.005	48
0.015	440
0.025	361
0.035	368
0.045	713
0.055	476
0.065	190
0.075	123
0.085	70
0.095	68
0.105	47
0.115	48
0.125	42
0.135	44
0.145	32
0.155	24
0.165	28
0.175	40
0.185	59
0.195	45
0.205	38
0.215	24
0.225	30
0.235	37
0.245	41
0.255	89
0.265	28
0.275	26
0.285	42
0.295	51
0.305	163
0.315	1649
0.325	4571
0.335	4161
0.345	2875
0.355	2502
0.365	917
0.375	318
0.385	192
0.395	115
0.405	103
0.415	114
0.425	119
0.435	101
0.445	121
0.455	177
0.465	163
0.475	142
0.485	106
0.495	77
0.505	71
0.515	58
0.525	62
0.535	60
0.545	54
0.555	55
0.565	47
0.575	67
0.585	76
0.595	72
0.605	86
0.615	93
0.625	79
0.635	66
0.645	71
0.655	38
0.665	39
0.675	37
0.685	28
0.695	37
0.705	24
0.715	24
0.725	24
0.735	28
0.745	20
0.755	24
0.765	29
0.775	26
0.785	12
0.795	24
0.805	23
0.815	19
0.825	17
0.835	26
0.845	18
0.855	13
0.865	13
0.875	14
0.885	9
0.895	20
0.905	10
0.915	7
0.925	11
0.935	7
0.945	8
0.955	10
0.965	10
0.975	7
0.985	8
0.995	10
1.005	8
1.015	11
1.025	8
1.035	12
1.045	13
1.055	8
1.065	12
1.075	7
1.085	14
1.095	3
1.105	1
1.115	12
1.125	7
1.135	5
1.145	10
1.155	8
1.165	2
1.175	8
1.185	5
1.195	6
1.205	9
1.215	6
1.225	5
1.235	6
1.245	6
1.255	6
1.265	8
1.275	5
1.285	7
1.295	2
1.305	8
1.315	7
1.325	1
1.335	6
1.345	3
1.355	6
1.365	9
1.375	4
1.385	6
1.395	2
1.405	7
1.415	4
1.425	6
1.435	6
1.445	4
1.455	3
1.465	12
1.475	5
1.485	4
1.495	3
1.505	3
1.515	3
1.525	6
1.535	5
1.545	3
1.555	3
1.565	6
1.575	7
1.585	7
1.595	4
1.605	5
1.615	4
1.625	6
1.635	6
1.645	0
1.655	3
1.665	5
1.675	4
1.685	8
1.695	6
1.705	5
1.715	3
1.725	4
1.735	4
1.745	6
1.755	5
1.765	2
1.775	5
1.785	4
1.795	3
1.805	8
1.815	10
1.825	5
1.835	4
1.845	4
1.855	8
1.865	8
1.875	5
1.885	5
1.895	5
1.905	4
1.915	3
1.925	8
1.935	10
1.945	8
1.955	9
1.965	6
1.975	8
1.985	8
1.995	9
2.005	7
2.015	4
2.025	5
2.035	5
2.045	10
2.055	6
2.065	8
2.075	5
2.085	5
2.095	7
2.105	9
2.115	4
2.125	9
2.135	7
2.145	2
2.155	6
2.165	5
2.175	8
2.185	9
2.195	1
2.205	5
2.215	5
2.225	2
2.235	3
2.245	4
2.255	5
2.265	5
2.275	5
2.285	5
2.295	3
2.305	0
2.315	4
2.325	3
2.335	5
2.345	7
2.355	2
2.365	3
2.375	6
2.385	2
2.395	3
2.405	2
2.415	4
2.425	2
2.435	2
2.445	3
2.455	0
2.465	5
2.475	3
2.485	3
2.495	2
2.505	4
2.515	4
2.525	6
2.535	1
2.545	3
2.555	2
2.565	4
2.575	4
2.585	2
2.595	1
2.605	4
2.615	5
2.625	1
2.635	4
2.645	3
2.655	4
2.665	1
2.675	3
2.685	3
2.695	3
2.705	2
2.715	1
2.725	1
2.735	6
2.745	5
2.755	3
2.765	2
2.775	1
2.785	2
2.795	1
2.805	4
2.815	1
2.825	3
2.835	4
2.845	2
2.855	3
2.865	2
2.875	1
2.885	4
2.895	2
2.905	0
2.915	2
2.925	1
2.935	1
2.945	2
2.955	1
2.965	2
2.975	1
2.985	2
2.995	3
3.005	1
3.015	3
3.025	2
3.035	3
3.045	2
3.055	2
3.065	4
3.075	2
3.085	1
3.095	2
3.105	5
3.115	2
3.125	1
3.135	2
3.145	1
3.155	0
3.165	0
3.175	1
3.185	2
3.195	1
3.205	1
3.215	1
3.225	2
3.235	1
3.245	1
3.255	1
3.265	0
3.275	1
3.285	4
3.295	0
3.305	4
3.315	3
3.325	1
3.335	1
3.345	0
3.355	2
3.365	1
3.375	2
3.385	1
3.395	2
3.405	2
3.415	3
3.425	4
3.435	3
3.445	4
3.455	1
3.465	1
3.475	2
3.485	0
3.495	1
3.505	0
3.515	1
3.525	5
3.535	0
3.545	1
3.555	2
3.565	0
3.575	1
3.585	1
3.595	1
3.605	2
3.615	2
3.625	3
3.635	0
3.645	2
3.655	0
3.665	3
3.675	1
3.685	2
3.695	0
3.705	1
3.715	0
3.725	1
3.735	4
3.745	0
3.755	1
3.765	2
3.775	5
3.785	3
3.795	0
3.805	2
3.815	0
3.825	1
3.835	0
3.845	4
3.855	0
3.865	0
3.875	0
3.885	1
3.895	2
3.905	0
3.915	1
3.925	1
3.935	2
3.945	1
3.955	0
3.965	1
3.975	1
3.985	1
3.995	1
4.005	3
4.015	2
4.025	1
4.035	0
4.045	1
4.055	1
4.065	1
4.075	1
4.085	0
4.095	1
4.105	1
4.115	2
4.125	2
4.135	3
4.145	1
4.155	3
4.165	3
4.175	2
4.185	0
4.195	2
4.205	0
4.215	0
4.225	3
4.235	0
4.245	1
4.255	0
4.265	0
4.275	1
4.285	1
4.295	0
4.305	2
4.315	0
4.325	1
4.335	0
4.345	1
4.355	1
4.365	0
4.375	1
4.385	0
4.395	0
4.405	2
4.415	1
4.425	0
4.435	0
4.445	0
4.455	0
4.465	2
4.475	0
4.485	0
4.495	0
4.505	0
4.515	2
4.525	1
4.535	3
4.545	0
4.555	0
4.565	3
4.575	0
4.585	1
4.595	0
4.605	2
4.615	0
4.625	0
4.635	2
4.645	0
4.655	1
4.665	1
4.675	0
4.685	2
4.695	0
4.705	0
4.715	0
4.725	0
4.735	0
4.745	2
4.755	0
4.765	0
4.775	0
4.785	1
4.795	0
4.805	1
4.815	0
4.825	0
4.835	1
4.845	1
4.855	1
4.865	1
4.875	2
4.885	0
4.895	0
4.905	1
4.915	1
4.925	1
4.935	0
4.945	0
4.955	0
4.965	1
4.975	3
4.985	2
4.995	1
5.005	2
5.015	0
5.025	0
5.035	0
5.045	0
5.055	0
5.065	1
5.075	0
5.085	1
5.095	1
5.105	0
5.115	1
5.125	2
5.135	0
5.145	1
5.155	0
5.165	0
5.175	0
5.185	0
5.195	0
5.205	1
5.215	1
5.225	0
5.235	0
5.245	0
5.255	0
5.265	0
5.275	0
5.285	0
5.295	0
5.305	0
5.315	0
5.325	0
5.335	2
5.345	0
5.355	0
5.365	0
5.375	1
5.385	0
5.395	1
5.405	0
5.415	1
5.425	1
5.435	0
5.445	2
5.455	0
5.465	0
5.475	0
5.485	0
5.495	0
5.505	1
5.515	0
5.525	0
5.535	0
5.545	1
5.555	0
5.565	0
5.575	2
5.585	0
5.595	1
5.605	0
5.615	0
5.625	1
5.635	1
5.645	0
5.655	0
5.665	0
5.675	0
5.685	1
5.695	0
5.705	0
5.715	0
5.725	0
5.735	0
5.745	1
5.755	1
5.765	0
5.775	1
5.785	1
5.795	1
5.805	3
5.815	0
5.825	1
5.835	1
5.845	2
5.855	1
5.865	1
5.875	1
5.885	0
5.895	0
5.905	2
5.915	0
5.925	0
5.935	0
5.945	1
5.955	1
5.965	0
5.975	0
5.985	0
5.995	0
6.005	0
6.015	0
6.025	0
6.035	0
6.045	1
6.055	0
6.065	0
6.075	0
6.085	1
6.095	0
6.105	0
6.115	2
6.125	0
6.135	0
6.145	0
6.155	0
6.165	2
6.175	0
6.185	1
6.195	0
6.205	0
6.215	1
6.225	1
6.235	0
6.245	0
6.255	0
6.265	0
6.275	0
6.285	0
6.295	0
6.305	0
6.315	0
6.325	0
6.335	0
6.345	0
6.355	1
6.365	0
6.375	0
6.385	0
6.395	1
6.405	0
6.415	0
6.425	0
6.435	0
6.445	0
6.455	1
6.465	0
6.475	0
6.485	0
6.495	0
6.505	0
6.515	0
6.525	1
6.535	0
6.545	0
6.555	1
6.565	0
6.575	1
6.585	0
6.595	0
6.605	0
6.615	0
6.625	0
6.635	0
6.645	2
6.655	0
6.665	0
6.675	0
6.685	0
6.695	0
6.705	1
6.715	2
6.725	0
6.735	0
6.745	1
6.755	1
6.765	0
6.775	1
6.785	0
6.795	1
6.805	0
6.815	0
6.825	0
6.835	0
6.845	0
6.855	0
6.865	0
6.875	1
6.885	0
6.895	2
6.905	1
6.915	0
6.925	0
6.935	0
6.945	1
6.955	0
6.965	1
6.975	0
6.985	1
6.995	0
7.005	0
7.015	0
7.025	0
7.035	0
7.045	1
7.055	0
7.065	0
7.075	1
7.085	0
7.095	0
7.105	0
7.115	2
7.125	1
7.135	2
7.145	2
7.155	0
7.165	0
7.175	0
7.185	0
7.195	0
7.205	0
7.215	1
7.225	0
7.235	0
7.245	0
7.255	1
7.265	1
7.275	1
7.285	0
7.295	0
7.305	0
7.315	1
7.325	1
7.335	0
7.345	0
7.355	1
7.365	1
7.375	0
7.385	0
7.395	0
7.405	1
7.415	1
7.425	0
7.435	1
7.445	0
7.455	0
7.465	2
7.475	2
7.485	0
7.495	0
7.505	1
7.515	0
7.525	0
7.535	0
7.545	0
7.555	0
7.565	0
7.575	0
7.585	0
7.595	0
7.605	0
7.615	0
7.625	1
7.635	0
7.645	2
7.655	0
7.665	1
7.675	1
7.685	0
7.695	1
7.705	1
7.715	0
7.725	0
7.735	2
7.745	1
7.755	0
7.765	0
7.775	0
7.785	1
7.795	1
7.805	1
7.815	1
7.825	0
7.835	0
7.845	0
7.855	0
7.865	0
7.875	0
7.885	1
7.895	1
7.905	0
7.915	0
7.925	0
7.935	0
7.945	0
7.955	2
7.965	1
7.975	0
7.985	0
7.995	0
8.005	1
8.015	1
8.025	0
8.035	0
8.045	2
8.055	1
8.065	0
8.075	0
8.085	1
8.095	3
8.105	0
8.115	1
8.125	2
8.135	1
8.145	0
8.155	1
8.165	1
8.175	0
8.185	0
8.195	0
8.205	0
8.215	0
8.225	1
8.235	0
8.245	0
8.255	1
8.265	1
8.275	0
8.285	0
8.295	1
8.305	0
8.315	0
8.325	1
8.335	0
8.345	0
8.355	0
8.365	0
8.375	1
8.385	0
8.395	0
8.405	0
8.415	1
8.425	1
8.435	0
8.445	0
8.455	0
8.465	0
8.475	0
8.485	0
8.495	0
8.505	1
8.515	0
8.525	0
8.535	0
8.545	0
8.555	0
8.565	0
8.575	1
8.585	0
8.595	0
8.605	0
8.615	1
8.625	1
8.635	0
8.645	1
8.655	0
8.665	0
8.675	0
8.685	0
8.695	0
8.705	0
8.715	0
8.725	1
8.735	0
8.745	1
8.755	0
8.765	1
8.775	1
8.785	1
8.795	0
8.805	0
8.815	0
8.825	0
8.835	2
8.845	0
8.855	0
8.865	0
8.875	0
8.885	0
8.895	0
8.905	0
8.915	0
8.925	0
8.935	0
8.945	0
8.955	0
8.965	0
8.975	0
8.985	2
8.995	0
9.005	0
9.015	0
9.025	0
9.035	0
9.045	0
9.055	0
9.065	0
9.075	0
9.085	0
9.095	1
9.105	0
9.115	0
9.125	1
9.135	0
9.145	0
9.155	1
9.165	0
9.175	0
9.185	0
9.195	0
9.205	0
9.215	0
9.225	1
9.235	0
9.245	1
9.255	0
9.265	2
9.275	0
9.285	1
9.295	0
9.305	0
9.315	0
9.325	1
9.335	0
9.345	0
9.355	0
9.365	2
9.375	0
9.385	1
9.395	0
9.405	0
9.415	0
9.425	0
9.435	3
9.445	1
9.455	0
9.465	0
9.475	0
9.485	0
9.495	1
9.505	0
9.515	0
9.525	0
9.535	0
9.545	0
9.555	0
9.565	0
9.575	1
9.585	0
9.595	0
9.605	0
9.615	2
9.625	1
9.635	0
9.645	0
9.655	0
9.665	2
9.675	0
9.685	0
9.695	0
9.705	0
9.715	1
9.725	0
9.735	0
9.745	0
9.755	0
9.765	0
9.775	1
9.785	0
9.795	0
9.805	0
9.815	1
9.825	2
9.835	0
9.845	1
9.855	0
9.865	0
9.875	0
9.885	0
9.895	0
9.905	0
9.915	0
9.925	0
9.935	0
9.945	2
9.955	0
9.965	0
9.975	0
9.985	0
9.995	0
