U	delta U	x begin	x eind	t	mgd	delta mgd	q
287	0.3	0.1	2.3	10	2.63E-16	6E-15	9.16E-19
117	0.1	1.1	1.6	11	3.29E-17	7E-15	2.81E-19
201	0.2	2	2.9	12	9.04E-17	5E-15	4.50E-19
359	0.3	2.1	3.4	12	1.57E-16	3E-15	4.37E-19
541	0.5	1.6	2.6	8	5.77E-17	2E-15	1.07E-19
203	0.2	0.6	1.8	11	1.22E-16	6E-15	6.02E-19
287	0.3	0.5	1.4	11	7.94E-17	4E-15	2.77E-19
374	0.3	1.9	3.5	7	9.55E-17	5E-15	2.55E-19
164	0.2	1.2	2.2	9	6.88E-17	8E-15	4.19E-19
528	0.5	2.6	4.8	8	1.88E-16	4E-15	3.56E-19
112	0.1	0.5	0.9	11	2.35E-17	6E-15	2.10E-19
102	0.1	0.1	0.5	10	2.04E-17	7E-15	2.00E-19
438	0.4	0.1	1.3	10	1.06E-16	3E-15	2.42E-19
259	0.2	0.7	1.7	12	1.06E-16	4E-15	4.09E-19
188	0.2	0.4	1.2	10	5.77E-17	6E-15	3.07E-19
249	0.2	1	1.7	11	5.44E-17	4E-15	2.19E-19
269	0.3	0.3	1.1	10	5.77E-17	4E-15	2.14E-19
254	0.2	1.8	2.6	11	6.65E-17	4E-15	2.62E-19
