0	12.205	383.0
1	12.115	245.57208876867261
2	11.375	157.4560072642528
3	11.205	100.95770389832336
4	11.185	64.73209980052332
5	9.495	41.504952893986115
6	8.835	26.61216181833299
7	8.715	17.063196251639553
8	8.665	10.940586800482794
9	8.375	7.01488969438519
10	7.875	4.497809699039181
11	7.615	2.883907369913959
12	7.585	1.849104847637442
13	7.305	1.185609764455887
14	7.275	0.7601897293001723
15	7.205	0.48741874591314643
16	6.855	0.3125233408326328
17	6.735	0.20038383706849455
18	6.515	0.12848218648666204
19	6.445	0.08238025823784781
20	6.395	0.05282060597590322
21	6.365	0.0338675366567352
22	6.335	0.021715200308731194
23	6.325	0.013923360568786559
24	6.235	0.008927385737744877
25	6.105	0.005724064654991296
26	6.105	0.0036701579988854924
27	5.965	0.0023532333313247044
28	5.765	0.0015088470614450895
29	5.595	0.000967443144938758
30	5.345	0.0006203055714557296
31	5.325	0.0003977277672512495
32	5.305	0.0002550152442955352
33	5.245	0.00016351077339297096
34	4.905	0.00010483990119658738
35	4.875	6.722128857218593e-05
36	4.865	4.310097191747624e-05
37	4.785	2.7635497915756025e-05
38	4.685	1.7719339288079614e-05
39	4.655	1.136129284745306e-05
40	4.585	7.284638160996403e-06
41	4.575	4.670767125639351e-06
42	4.535	2.9948042798832958e-06
43	4.495	1.920209771447265e-06
44	4.425	1.2312008471235492e-06
45	4.395	7.894218373939677e-07
46	4.385	5.061618003353534e-07
47	4.355	3.245410197474264e-07
48	4.295	2.0808933710310875e-07
49	4.245	1.3342280199190275e-07
50	4.235	8.554808400658125e-08
51	4.235	5.4851753732778054e-08
52	4.215	3.51698687644469e-08
53	4.205	2.2550230115418543e-08
54	4.165	1.4458765304588944e-08
55	4.145	9.270676754213904e-09
56	4.125	5.94417612227541e-09
57	4.095	3.811289154976614e-09
58	4.015	2.4437238608067742e-09
59	3.995	1.5668678142876383e-09
60	3.995	1.00464491378334e-09
61	3.955	6.441586160537812e-10
62	3.955	4.1302187165186453e-10
63	3.935	2.648215240958098e-10
64	3.905	1.6979836768436415e-10
65	3.905	1.0887138334663264e-10
66	3.815	6.980619586310051e-11
67	3.815	4.4758363778320186e-11
68	3.795	2.8698185072872593e-11
69	3.765	1.8400713452259136e-11
70	3.725	1.1798176598707822e-11
71	3.695	7.564759454324667e-12
72	3.675	4.850375405303069e-12
73	3.655	3.1099655864033255e-12
74	3.645	1.994048942693879e-12
75	3.625	1.2785450756247944e-12
76	3.545	8.197780282143125e-13
77	3.485	5.256255945567961e-13
78	3.435	3.3702082288665283e-13
79	3.425	2.160911421274458e-13
80	3.415	1.3855340244554844e-13
81	3.385	8.883772439832872e-14
82	3.385	5.696100663695375e-14
83	3.375	3.652228036084328e-14
84	3.375	2.3417369908113065e-14
85	3.365	1.501475833369189e-14
86	3.345	9.627168580578479e-15
87	3.335	6.1727516899759725e-15
88	3.295	3.9578473262604316e-15
89	3.265	2.5376940859981245e-15
90	3.225	1.6271196797766786e-15
91	3.225	1.0432772283012357e-15
92	3.185	6.689288984823139e-16
93	3.175	4.289040909609093e-16
94	3.145	2.750048916415128e-16
95	3.135	1.7632774324284303e-16
96	3.115	1.1305789090342357e-16
97	3.105	7.249050240452815e-17
98	3.095	4.6479488489217985e-17
99	3.075	2.9801736483542444e-17
100	3.055	1.910828897440492e-17
101	3.045	1.2251860146840786e-17
102	3.005	7.855652447940811e-18
103	2.975	5.036890287941421e-18
104	2.945	3.229555271301351e-18
105	2.945	2.070727503309011e-18
106	2.835	1.3277098649042545e-18
107	2.805	8.513015269015937e-19
108	2.795	5.458378436897782e-19
109	2.785	3.4998052063678136e-19
110	2.785	2.2440064616480954e-19
111	2.755	1.4388129347188457e-19
112	2.755	9.22538636361074e-20
113	2.755	5.915136812036349e-20
114	2.735	3.792669718757796e-20
115	2.725	2.4317854434596366e-20
116	2.725	1.5592131352157617e-20
117	2.715	9.99736883682731e-21
118	2.715	6.410116834074468e-21
119	2.705	4.110041201553264e-21
120	2.685	2.635277814075025e-21
121	2.665	1.6896884524494688e-21
122	2.655	1.0833950982671609e-21
123	2.635	6.946516899300481e-22
124	2.575	4.453970403728702e-22
125	2.535	2.855798473518295e-22
126	2.525	1.8310819745281346e-22
127	2.505	1.1740538516750393e-22
128	2.505	7.527803046546872e-23
129	2.485	4.8266796814090926e-23
130	2.475	3.0947723529528565e-23
131	2.475	1.9843073393686e-23
132	2.425	1.2722989506207707e-23
133	2.405	8.157731353580448e-24
134	2.385	5.230577357995939e-24
135	2.375	3.353743622112767e-24
136	2.295	2.1503546383207504e-24
137	2.285	1.3787652222606553e-24
138	2.285	8.840372207627947e-25
139	2.265	5.668273285952271e-25
140	2.265	3.6343856672140187e-25
141	2.235	2.3302968138085477e-25
142	2.235	1.4941406162348419e-25
143	2.215	9.580136606864291e-26
144	2.205	6.142595710801284e-26
145	2.205	3.9385119038197457e-26
146	2.185	2.5252965923271485e-26
147	2.165	1.6191706499691643e-26
148	2.155	1.0381804662816124e-26
149	2.145	6.656609546308272e-27
150	2.135	4.268087494528488e-27
151	2.125	2.736613997594812e-27
152	2.115	1.754663225960695e-27
153	2.105	1.1250556487852375e-27
154	2.075	7.213636178934343e-28
155	2.055	4.625242047201503e-28
156	2.055	2.9656144924072226e-28
157	2.045	1.9014938521751686e-28
158	2.035	1.2192005667348298e-28
159	2.035	7.817274929530601e-29
160	2.005	5.012283375780185e-29
161	2.005	3.213777801803748e-29
162	2.005	2.060611299288096e-29
163	1.995	1.3212235532806968e-29
164	1.995	8.471426310953234e-30
165	1.975	5.43171241261274e-30
166	1.975	3.482707474558848e-30
167	1.965	2.23304373132552e-30
168	1.925	1.4317838470323743e-30
169	1.915	9.18031723187954e-31
170	1.915	5.886239368646738e-31
171	1.915	3.7741412447806118e-31
172	1.845	2.419905349317949e-31
173	1.825	1.5515958518394097e-31
174	1.785	9.948528309687004e-32
175	1.785	6.378801245911524e-32
176	1.755	4.089962260570978e-32
177	1.745	2.6224035908967586e-32
178	1.745	1.681433753031294e-32
179	1.725	1.0781023468878431e-32
180	1.705	6.912580815447941e-33
181	1.705	4.43221125230237e-33
182	1.705	2.8418469323548534e-33
183	1.685	1.8221365199457626e-33
184	1.655	1.1683182016312316e-33
185	1.615	7.491027183316896e-34
186	1.605	4.803099719138484e-34
187	1.605	3.0796533435850233e-34
188	1.585	1.9746133270694566e-34
189	1.585	1.2660833400493612e-34
190	1.575	8.117878077575449e-35
191	1.565	5.205024219006848e-35
192	1.555	3.337359450530137e-35
193	1.555	2.1398494288212965e-35
194	1.545	1.3720294879532381e-35
195	1.545	8.797184000232102e-36
196	1.535	5.6405818543586105e-36
197	1.525	3.616630464348613e-36
198	1.525	2.318912525938654e-36
199	1.515	1.4868412341164358e-36
200	1.505	9.533334400244507e-37
201	1.495	6.112587053781431e-37
202	1.495	3.919270941455496e-37
203	1.485	2.512959664604637e-37
204	1.485	1.6112604538600122e-37
205	1.465	1.0331086036677891e-37
206	1.455	6.624089757900421e-38
207	1.415	4.2472364439654827e-38
208	1.415	2.7232447128956515e-38
209	1.395	1.7460911028042566e-38
210	1.375	1.1195593715301227e-38
211	1.355	7.178395127080811e-39
212	1.345	4.60264617588531e-39
213	1.345	2.9511264628597924e-39
214	1.325	1.8922044117623626e-39
215	1.305	1.2132443597226673e-39
216	1.295	7.779084898274325e-40
217	1.275	4.987796676705134e-40
218	1.275	3.1980774105794395e-40
219	1.265	2.0505445163443914e-40
220	1.265	1.3147689294826123e-40
221	1.255	8.430040529012863e-41
222	1.235	5.405176660872736e-41
223	1.225	3.465693270950912e-41
224	1.225	2.2221345576473887e-41
225	1.225	1.4247890988159802e-41
226	1.215	9.135468278095966e-42
227	1.185	5.857483099039109e-42
228	1.165	3.755703288663796e-42
229	1.155	2.4080832934531144e-42
230	1.145	1.5440157814679326e-42
231	1.145	9.899926385035904e-43
232	1.135	6.347638644985287e-43
233	1.125	4.069981412004663e-43
234	1.115	2.6095922626518492e-43
235	1.095	1.6732193806109195e-43
236	1.085	1.0728354523886391e-43
237	1.075	6.878810520839747e-44
238	1.075	4.4105584016880946e-44
239	1.075	2.8279635491873364e-44
240	1.065	1.8132347669336918e-44
241	1.055	1.1626105721772447e-44
242	1.035	7.454430982613787e-45
243	1.005	4.779634952956603e-45
244	1.005	3.064608195690108e-45
245	0.995	1.9649666732982085e-45
246	0.995	1.2598980948372628e-45
247	0.985	8.078219498299173e-46
248	0.985	5.179595915741831e-46
249	0.975	3.3210553211655586e-46
250	0.975	2.129395540822304e-46
251	0.955	1.3653266599854601e-46
252	0.945	8.754206781832512e-47
253	0.945	5.613025704771522e-47
254	0.945	3.5989620016527293e-47
255	0.935	2.307583854164348e-47
256	0.925	1.4795775119477905e-47
257	0.915	9.486760838228982e-48
258	0.895	6.08272499919775e-48
259	0.895	3.900123977698214e-48
260	0.885	2.5006830069455247e-48
261	0.865	1.6033889017335206e-48
262	0.845	1.0280615188177786e-48
263	0.845	6.5917288396547346e-49
264	0.835	4.226487257834763e-49
265	0.835	2.7099407416727516e-49
266	0.825	1.7375608573678717e-49
267	0.815	1.1140899454478188e-49
268	0.815	7.143326239681404e-50
269	0.795	4.580160693040817e-50
270	0.795	2.936709212235526e-50
271	0.795	1.8829603534070033e-50
272	0.785	1.207317250795709e-50
273	0.785	7.741081438233787e-51
274	0.775	4.963429603434659e-51
275	0.765	3.18245372107493e-51
276	0.765	2.0405269130391812e-51
277	0.765	1.3083458387042405e-51
278	0.755	8.388856930611008e-52
279	0.735	5.3787705452524916e-52
280	0.715	3.4487621874805966e-52
281	0.705	2.2112786789713523e-52
282	0.705	1.4178285223097307e-52
283	0.695	9.09083842661623e-53
284	0.685	5.828867313531678e-53
285	0.685	3.7373554081969136e-53
286	0.685	2.396318992328492e-53
287	0.655	1.5364727423032624e-53
288	0.615	9.851561897220448e-54
289	0.615	6.316628283901468e-54
290	0.615	4.050098176639645e-54
291	0.605	2.5968435220772252e-54
292	0.605	1.6650451381773128e-54
293	0.585	1.0675942884499235e-54
294	0.585	6.845205205539337e-55
295	0.575	4.389011332570403e-55
296	0.575	2.8141479910410086e-55
297	0.575	1.8043765019950275e-55
298	0.575	1.1569308264230398e-55
299	0.555	7.418013566725247e-56
300	0.555	4.7562848200915065e-56
301	0.555	3.049636548429817e-56
302	0.545	1.9553671466923915e-56
303	0.535	1.2537430666394194e-56
304	0.535	8.03875466459215e-57
305	0.485	5.154291838336387e-57
306	0.485	3.304830842985827e-57
307	0.485	2.11899272360092e-57
308	0.475	1.3586565775987066e-57
309	0.455	8.711439521676406e-58
310	0.455	5.585604176292623e-58
311	0.455	3.581379855371236e-58
312	0.445	2.2963105267821795e-58
313	0.435	1.472349275517973e-58
314	0.425	9.44041480381191e-59
315	0.415	6.053008830847938e-59
316	0.405	3.881070553332977e-59
317	0.405	2.488466324910136e-59
318	0.395	1.5955558048007226e-59
319	0.385	1.0230390906838122e-59
320	0.385	6.55952601543666e-60
321	0.375	4.205839438494136e-60
322	0.375	2.696701764847658e-60
323	0.365	1.7290722850647927e-60
324	0.345	1.108647239361299e-60
325	0.345	7.108428675654656e-61
326	0.335	4.557785059382952e-61
327	0.325	2.9223623947553677e-61
328	0.325	1.8737614554023685e-61
329	0.325	1.2014190977999526e-61
330	0.315	7.703263637945513e-62
331	0.315	4.9391815715561865e-62
332	0.295	3.1669063585765193e-62
333	0.285	2.03055824911336e-62
334	0.275	1.3019541268961362e-62
335	0.275	8.347874528012602e-63
336	0.275	5.352493432435575e-63
337	0.275	3.431913818077878e-63
338	0.265	2.2004758349332743e-63
339	0.265	1.4109019505732676e-63
340	0.255	9.04642660705137e-64
341	0.245	5.800391325812365e-64
342	0.225	3.719097163330064e-64
343	0.225	2.3846121637926825e-64
344	0.225	1.528966553435411e-64
345	0.225	9.803433686281133e-65
346	0.225	6.285769418917138e-65
347	0.215	4.0303120776023694e-65
348	0.205	2.584157063411065e-65
349	0.205	1.6569108296818966e-65
350	0.195	1.0623787293692535e-65
351	0.195	6.81176406356691e-66
352	0.185	4.3675695281709816e-66
353	0.185	2.8003999265675477e-66
354	0.185	1.7955615126757738e-66
355	0.185	1.1512788281473478e-66
356	0.145	7.3817740622269e-67
357	0.145	4.733048760520883e-67
358	0.145	3.034738042728656e-67
359	0.135	1.9458145170199505e-67
360	0.135	1.2476181078354806e-67
361	0.135	7.999482629941883e-68
362	0.135	5.129111379904892e-68
363	0.125	3.288685626867878e-68
364	0.115	2.1086407276591878e-68
365	0.115	1.3520190808197231e-68
366	0.105	8.668881194047138e-69
367	0.105	5.558316611252203e-69
368	0.105	3.563883603819412e-69
369	0.085	2.2850922734160484e-69
370	0.085	1.4651563514671715e-69
371	0.085	9.394295185443508e-70
372	0.075	6.023437836028245e-70
373	0.055	3.862110211388336e-70
374	0.045	2.476309325497236e-70
375	0.045	1.5877609751950617e-70
376	0.045	1.0180411988094803e-70
377	0.045	6.527480512903695e-71
378	0.035	4.185292490732497e-71
379	0.035	2.683527464900801e-71
380	0.025	1.720625182307574e-71
381	0.025	1.1032311227343177e-71
