0	4.5	5e-10
1	4.5	5e-10
2	3.5	5e-10
3	3.0	5e-10
4	3.0	5e-10
5	3.0	5e-10
6	2.5	5e-10
7	2.5	5e-10
8	2.0	5e-10
9	2.0	5e-10
10	2.0	5e-10
11	2.0	5e-10
12	1.5	5e-10
13	1.5	5e-10
14	1.5	5e-10
15	1.5	5e-10
16	0.5	5e-10
17	0.5	5e-10
18	0.5	5e-10
19	0.5	5e-10
20	0.5	5e-10
21	0.5	5e-10
22	0.5	5e-10
23	-0.5	5e-10
24	-0.5	5e-10
25	-0.5	5e-10
26	-0.5	5e-10
27	-0.5	5e-10
28	-0.5	5e-10
29	-0.5	5e-10
30	-0.5	5e-10
31	-0.5	5e-10
32	-0.5	5e-10
33	-1.0	5e-10
34	-1.0	5e-10
35	-1.0	5e-10
36	-1.0	5e-10
37	-1.0	5e-10
38	-1.0	5e-10
39	-1.0	5e-10
40	-1.0	5e-10
41	-1.0	5e-10
42	-1.0	5e-10
43	-1.0	5e-10
44	-1.0	5e-10
45	-1.5	5e-10
46	-1.5	5e-10
47	-1.5	5e-10
48	-1.5	5e-10
49	-1.5	5e-10
50	-1.5	5e-10
51	-1.5	5e-10
52	-1.5	5e-10
53	-1.5	5e-10
54	-1.5	5e-10
55	-1.5	5e-10
56	-1.5	5e-10
57	-1.5	5e-10
58	-1.5	5e-10
59	-1.5	5e-10
60	-1.5	5e-10
61	-1.5	5e-10
62	-1.5	5e-10
63	-1.5	5e-10
64	-1.5	5e-10
65	-2.0	5e-10
66	-2.0	5e-10
67	-2.0	5e-10
68	-2.0	5e-10
69	-2.0	5e-10
70	-2.0	5e-10
71	-2.0	5e-10
72	-2.0	5e-10
73	-2.0	5e-10
74	-2.0	5e-10
75	-2.0	5e-10
76	-2.0	5e-10
77	-2.0	5e-10
78	-2.0	5e-10
79	-2.0	5e-10
80	-2.0	5e-10
81	-2.0	5e-10
82	-2.0	5e-10
83	-2.0	5e-10
84	-2.0	5e-10
85	-2.0	5e-10
86	-2.0	5e-10
87	-2.0	5e-10
88	-2.0	5e-10
89	-2.0	5e-10
90	-2.0	5e-10
91	-2.0	5e-10
92	-2.0	5e-10
93	-2.0	5e-10
94	-2.0	5e-10
95	-2.0	5e-10
96	-2.5	5e-10
97	-2.5	5e-10
98	-2.5	5e-10
99	-2.5	5e-10
100	-2.5	5e-10
101	-2.5	5e-10
102	-2.5	5e-10
103	-2.5	5e-10
104	-2.5	5e-10
105	-2.5	5e-10
106	-2.5	5e-10
107	-2.5	5e-10
108	-2.5	5e-10
109	-2.5	5e-10
110	-2.5	5e-10
111	-2.5	5e-10
112	-2.5	5e-10
113	-2.5	5e-10
114	-2.5	5e-10
115	-2.5	5e-10
116	-2.5	5e-10
117	-2.5	5e-10
118	-2.5	5e-10
119	-2.5	5e-10
120	-2.5	5e-10
121	-2.5	5e-10
122	-2.5	5e-10
123	-2.5	5e-10
124	-2.5	5e-10
125	-2.5	5e-10
126	-2.5	5e-10
127	-2.5	5e-10
128	-2.5	5e-10
129	-2.5	5e-10
130	-2.5	5e-10
131	-2.5	5e-10
132	-2.5	5e-10
133	-2.5	5e-10
134	-2.5	5e-10
135	-2.5	5e-10
136	-2.5	5e-10
137	-2.5	5e-10
138	-2.5	5e-10
139	-2.5	5e-10
140	-2.5	5e-10
141	-2.5	5e-10
142	-2.5	5e-10
143	-2.5	5e-10
144	-2.5	5e-10
145	-2.5	5e-10
146	-2.5	5e-10
147	-2.5	5e-10
148	-2.5	5e-10
149	-3.0	5e-10
150	-3.0	5e-10
151	-3.0	5e-10
152	-3.0	5e-10
153	-3.0	5e-10
154	-3.0	5e-10
155	-3.0	5e-10
156	-3.0	5e-10
157	-3.0	5e-10
158	-3.0	5e-10
159	-3.0	5e-10
160	-3.0	5e-10
161	-3.0	5e-10
162	-3.0	5e-10
163	-3.0	5e-10
164	-3.0	5e-10
165	-3.0	5e-10
166	-3.0	5e-10
167	-3.0	5e-10
168	-3.0	5e-10
169	-3.0	5e-10
170	-3.0	5e-10
171	-3.0	5e-10
172	-3.0	5e-10
173	-3.0	5e-10
174	-3.0	5e-10
175	-3.0	5e-10
176	-3.0	5e-10
177	-3.0	5e-10
178	-3.0	5e-10
179	-3.0	5e-10
180	-3.0	5e-10
181	-3.0	5e-10
182	-3.0	5e-10
183	-3.0	5e-10
184	-3.0	5e-10
185	-3.0	5e-10
186	-3.0	5e-10
187	-3.0	5e-10
188	-3.0	5e-10
189	-3.0	5e-10
190	-3.0	5e-10
191	-3.0	5e-10
192	-3.0	5e-10
193	-3.0	5e-10
194	-3.0	5e-10
195	-3.0	5e-10
196	-3.0	5e-10
197	-3.0	5e-10
198	-3.0	5e-10
199	-3.0	5e-10
200	-3.0	5e-10
201	-3.5	5e-10
202	-3.5	5e-10
203	-3.5	5e-10
204	-3.5	5e-10
205	-3.5	5e-10
206	-3.5	5e-10
207	-3.5	5e-10
208	-3.5	5e-10
209	-3.5	5e-10
210	-3.5	5e-10
211	-3.5	5e-10
212	-3.5	5e-10
213	-3.5	5e-10
214	-3.5	5e-10
215	-3.5	5e-10
216	-3.5	5e-10
217	-3.5	5e-10
218	-3.5	5e-10
219	-3.5	5e-10
220	-3.5	5e-10
221	-3.5	5e-10
222	-3.5	5e-10
223	-3.5	5e-10
224	-3.5	5e-10
225	-3.5	5e-10
226	-3.5	5e-10
227	-3.5	5e-10
228	-3.5	5e-10
229	-3.5	5e-10
230	-3.5	5e-10
231	-3.5	5e-10
232	-3.5	5e-10
233	-3.5	5e-10
234	-3.5	5e-10
235	-3.5	5e-10
236	-3.5	5e-10
237	-3.5	5e-10
238	-3.5	5e-10
239	-3.5	5e-10
240	-3.5	5e-10
241	-3.5	5e-10
242	-3.5	5e-10
243	-3.5	5e-10
244	-4.0	5e-10
245	-4.0	5e-10
246	-4.0	5e-10
247	-4.0	5e-10
248	-4.0	5e-10
249	-4.0	5e-10
250	-4.0	5e-10
251	-4.0	5e-10
252	-4.0	5e-10
253	-4.0	5e-10
254	-4.0	5e-10
255	-4.0	5e-10
256	-4.0	5e-10
257	-4.0	5e-10
258	-4.0	5e-10
259	-4.0	5e-10
260	-4.0	5e-10
261	-4.0	5e-10
262	-4.0	5e-10
263	-4.0	5e-10
264	-4.0	5e-10
265	-4.0	5e-10
266	-4.0	5e-10
267	-4.0	5e-10
268	-4.0	5e-10
269	-4.0	5e-10
270	-4.0	5e-10
271	-4.0	5e-10
272	-4.0	5e-10
273	-4.0	5e-10
274	-4.0	5e-10
275	-4.5	5e-10
276	-4.5	5e-10
277	-4.5	5e-10
278	-4.5	5e-10
279	-4.5	5e-10
280	-4.5	5e-10
281	-4.5	5e-10
282	-4.5	5e-10
283	-4.5	5e-10
284	-4.5	5e-10
285	-4.5	5e-10
286	-4.5	5e-10
287	-4.5	5e-10
288	-4.5	5e-10
289	-4.5	5e-10
290	-4.5	5e-10
291	-4.5	5e-10
292	-4.5	5e-10
293	-4.5	5e-10
294	-4.5	5e-10
295	-4.5	5e-10
296	-4.5	5e-10
297	-4.5	5e-10
298	-4.5	5e-10
299	-4.5	5e-10
300	-4.5	5e-10
301	-4.5	5e-10
302	-4.5	5e-10
303	-4.5	5e-10
304	-5.0	5e-10
305	-5.0	5e-10
306	-5.0	5e-10
307	-5.0	5e-10
308	-5.0	5e-10
309	-5.0	5e-10
310	-5.0	5e-10
311	-5.0	5e-10
312	-5.0	5e-10
313	-5.0	5e-10
314	-5.0	5e-10
315	-5.0	5e-10
316	-5.0	5e-10
317	-5.0	5e-10
318	-5.5	5e-10
319	-5.5	5e-10
320	-5.5	5e-10
321	-5.5	5e-10
322	-5.5	5e-10
323	-5.5	5e-10
324	-5.5	5e-10
325	-5.5	5e-10
326	-5.5	5e-10
327	-5.5	5e-10
328	-6.0	5e-10
329	-6.0	5e-10
330	-6.0	5e-10
331	-6.0	5e-10
332	-6.5	5e-10
333	-6.5	5e-10
334	-7.0	5e-10
335	-7.5	5e-10
336	-7.5	5e-10
337	-7.5	5e-10
338	-8.0	5e-10
339	-8.0	5e-10
340	-9.0	5e-10
341	-9.5	5e-10
342	-10.0	5e-10
