0	9.395	1e-08
1	8.275	1e-08
2	7.575	1e-08
3	6.855	1e-08
4	6.645	1e-08
5	5.385	1e-08
6	5.245	1e-08
7	5.185	1e-08
8	4.765	1e-08
9	4.535	1e-08
10	4.245	1e-08
11	4.115	1e-08
12	4.035	1e-08
13	3.715	1e-08
14	3.465	1e-08
15	3.275	1e-08
16	3.265	1e-08
17	3.235	1e-08
18	2.735	1e-08
19	2.615	1e-08
20	2.135	1e-08
21	1.975	1e-08
22	1.765	1e-08
23	1.765	1e-08
24	1.715	1e-08
25	1.625	1e-08
26	1.605	1e-08
27	1.455	1e-08
28	1.445	1e-08
29	1.375	1e-08
30	1.275	1e-08
31	1.275	1e-08
32	1.135	1e-08
33	1.095	1e-08
34	1.055	1e-08
35	1.045	1e-08
36	1.005	1e-08
37	1.005	1e-08
38	0.945	1e-08
39	0.925	1e-08
40	0.915	1e-08
41	0.895	1e-08
42	0.855	1e-08
43	0.845	1e-08
44	0.815	1e-08
45	0.815	1e-08
46	0.805	1e-08
47	0.805	1e-08
48	0.795	1e-08
49	0.785	1e-08
50	0.755	1e-08
51	0.745	1e-08
52	0.725	1e-08
53	0.705	1e-08
54	0.685	1e-08
55	0.685	1e-08
56	0.665	1e-08
57	0.655	1e-08
58	0.645	1e-08
59	0.645	1e-08
60	0.645	1e-08
61	0.645	1e-08
62	0.635	1e-08
63	0.635	1e-08
64	0.635	1e-08
65	0.625	1e-08
66	0.615	1e-08
67	0.615	1e-08
68	0.615	1e-08
69	0.615	1e-08
70	0.615	1e-08
71	0.605	1e-08
72	0.605	1e-08
73	0.605	1e-08
74	0.605	1e-08
75	0.605	1e-08
76	0.605	1e-08
77	0.595	1e-08
78	0.595	1e-08
79	0.585	1e-08
80	0.585	1e-08
81	0.585	1e-08
82	0.585	1e-08
83	0.575	1e-08
84	0.575	1e-08
85	0.555	1e-08
86	0.545	1e-08
87	0.535	1e-08
88	0.525	1e-08
89	0.515	1e-08
90	0.495	1e-08
91	0.495	1e-08
92	0.495	1e-08
93	0.485	1e-08
94	0.485	1e-08
95	0.475	1e-08
96	0.475	1e-08
97	0.465	1e-08
98	0.455	1e-08
99	0.455	1e-08
100	0.445	1e-08
101	0.445	1e-08
102	0.445	1e-08
103	0.435	1e-08
104	0.415	1e-08
105	0.405	1e-08
106	0.405	1e-08
107	0.395	1e-08
108	0.385	1e-08
109	0.385	1e-08
110	0.385	1e-08
111	0.385	1e-08
112	0.385	1e-08
113	0.385	1e-08
114	0.385	1e-08
115	0.375	1e-08
116	0.375	1e-08
117	0.375	1e-08
118	0.375	1e-08
119	0.375	1e-08
120	0.375	1e-08
121	0.375	1e-08
122	0.375	1e-08
123	0.375	1e-08
124	0.375	1e-08
125	0.375	1e-08
126	0.375	1e-08
127	0.375	1e-08
128	0.375	1e-08
129	0.375	1e-08
130	0.375	1e-08
131	0.375	1e-08
132	0.375	1e-08
133	0.365	1e-08
134	0.365	1e-08
135	0.365	1e-08
136	0.365	1e-08
137	0.365	1e-08
138	0.365	1e-08
139	0.365	1e-08
140	0.365	1e-08
141	0.365	1e-08
142	0.365	1e-08
143	0.365	1e-08
144	0.365	1e-08
145	0.365	1e-08
146	0.365	1e-08
147	0.365	1e-08
148	0.365	1e-08
149	0.365	1e-08
150	0.365	1e-08
151	0.365	1e-08
152	0.365	1e-08
153	0.365	1e-08
154	0.365	1e-08
155	0.365	1e-08
156	0.365	1e-08
157	0.365	1e-08
158	0.365	1e-08
159	0.365	1e-08
160	0.365	1e-08
161	0.365	1e-08
162	0.365	1e-08
163	0.365	1e-08
164	0.365	1e-08
165	0.365	1e-08
166	0.365	1e-08
167	0.365	1e-08
168	0.365	1e-08
169	0.365	1e-08
170	0.365	1e-08
171	0.365	1e-08
172	0.365	1e-08
173	0.365	1e-08
174	0.365	1e-08
175	0.365	1e-08
176	0.365	1e-08
177	0.365	1e-08
178	0.355	1e-08
179	0.355	1e-08
180	0.355	1e-08
181	0.355	1e-08
182	0.355	1e-08
183	0.355	1e-08
184	0.355	1e-08
185	0.355	1e-08
186	0.355	1e-08
187	0.355	1e-08
188	0.355	1e-08
189	0.355	1e-08
190	0.355	1e-08
191	0.355	1e-08
192	0.355	1e-08
193	0.355	1e-08
194	0.355	1e-08
195	0.355	1e-08
196	0.355	1e-08
197	0.355	1e-08
198	0.355	1e-08
199	0.355	1e-08
200	0.355	1e-08
201	0.355	1e-08
202	0.355	1e-08
203	0.355	1e-08
204	0.355	1e-08
205	0.355	1e-08
206	0.355	1e-08
207	0.355	1e-08
208	0.355	1e-08
209	0.355	1e-08
210	0.355	1e-08
211	0.355	1e-08
212	0.355	1e-08
213	0.355	1e-08
214	0.355	1e-08
215	0.355	1e-08
216	0.355	1e-08
217	0.355	1e-08
218	0.355	1e-08
219	0.355	1e-08
220	0.355	1e-08
221	0.355	1e-08
222	0.355	1e-08
223	0.355	1e-08
224	0.355	1e-08
225	0.355	1e-08
226	0.355	1e-08
227	0.355	1e-08
228	0.355	1e-08
229	0.355	1e-08
230	0.355	1e-08
231	0.355	1e-08
232	0.355	1e-08
233	0.355	1e-08
234	0.355	1e-08
235	0.355	1e-08
236	0.355	1e-08
237	0.355	1e-08
238	0.355	1e-08
239	0.355	1e-08
240	0.355	1e-08
241	0.355	1e-08
242	0.355	1e-08
243	0.355	1e-08
244	0.355	1e-08
245	0.355	1e-08
246	0.355	1e-08
247	0.355	1e-08
248	0.355	1e-08
249	0.355	1e-08
250	0.355	1e-08
251	0.355	1e-08
252	0.355	1e-08
253	0.355	1e-08
254	0.355	1e-08
255	0.355	1e-08
256	0.355	1e-08
257	0.355	1e-08
258	0.355	1e-08
259	0.355	1e-08
260	0.345	1e-08
261	0.345	1e-08
262	0.345	1e-08
263	0.345	1e-08
264	0.345	1e-08
265	0.345	1e-08
266	0.345	1e-08
267	0.345	1e-08
268	0.345	1e-08
269	0.345	1e-08
270	0.345	1e-08
271	0.345	1e-08
272	0.345	1e-08
273	0.345	1e-08
274	0.345	1e-08
275	0.345	1e-08
276	0.345	1e-08
277	0.345	1e-08
278	0.345	1e-08
279	0.345	1e-08
280	0.345	1e-08
281	0.345	1e-08
282	0.345	1e-08
283	0.345	1e-08
284	0.345	1e-08
285	0.345	1e-08
286	0.345	1e-08
287	0.345	1e-08
288	0.345	1e-08
289	0.345	1e-08
290	0.345	1e-08
291	0.345	1e-08
292	0.345	1e-08
293	0.345	1e-08
294	0.345	1e-08
295	0.345	1e-08
296	0.345	1e-08
297	0.345	1e-08
298	0.345	1e-08
299	0.345	1e-08
300	0.345	1e-08
301	0.345	1e-08
302	0.345	1e-08
303	0.345	1e-08
304	0.345	1e-08
305	0.345	1e-08
306	0.345	1e-08
307	0.345	1e-08
308	0.345	1e-08
309	0.345	1e-08
310	0.345	1e-08
311	0.345	1e-08
312	0.345	1e-08
313	0.345	1e-08
314	0.345	1e-08
315	0.345	1e-08
316	0.345	1e-08
317	0.345	1e-08
318	0.345	1e-08
319	0.345	1e-08
320	0.345	1e-08
321	0.345	1e-08
322	0.345	1e-08
323	0.345	1e-08
324	0.345	1e-08
325	0.345	1e-08
326	0.345	1e-08
327	0.345	1e-08
328	0.345	1e-08
329	0.345	1e-08
330	0.345	1e-08
331	0.345	1e-08
332	0.345	1e-08
333	0.345	1e-08
334	0.345	1e-08
335	0.345	1e-08
336	0.345	1e-08
337	0.345	1e-08
338	0.345	1e-08
339	0.345	1e-08
340	0.345	1e-08
341	0.345	1e-08
342	0.345	1e-08
343	0.345	1e-08
344	0.345	1e-08
345	0.345	1e-08
346	0.345	1e-08
347	0.345	1e-08
348	0.345	1e-08
349	0.345	1e-08
350	0.345	1e-08
351	0.345	1e-08
352	0.345	1e-08
353	0.345	1e-08
354	0.345	1e-08
355	0.345	1e-08
356	0.345	1e-08
357	0.345	1e-08
358	0.345	1e-08
359	0.345	1e-08
360	0.345	1e-08
361	0.345	1e-08
362	0.345	1e-08
363	0.345	1e-08
364	0.345	1e-08
365	0.345	1e-08
366	0.345	1e-08
367	0.345	1e-08
368	0.345	1e-08
369	0.345	1e-08
370	0.345	1e-08
371	0.345	1e-08
372	0.345	1e-08
373	0.345	1e-08
374	0.345	1e-08
375	0.345	1e-08
376	0.345	1e-08
377	0.345	1e-08
378	0.345	1e-08
379	0.345	1e-08
380	0.345	1e-08
381	0.345	1e-08
382	0.345	1e-08
383	0.345	1e-08
384	0.345	1e-08
385	0.345	1e-08
386	0.345	1e-08
387	0.345	1e-08
388	0.345	1e-08
389	0.345	1e-08
390	0.345	1e-08
391	0.345	1e-08
392	0.345	1e-08
393	0.335	1e-08
394	0.335	1e-08
395	0.335	1e-08
396	0.335	1e-08
397	0.335	1e-08
398	0.335	1e-08
399	0.335	1e-08
400	0.335	1e-08
401	0.335	1e-08
402	0.335	1e-08
403	0.335	1e-08
404	0.335	1e-08
405	0.335	1e-08
406	0.335	1e-08
407	0.335	1e-08
408	0.335	1e-08
409	0.335	1e-08
410	0.335	1e-08
411	0.335	1e-08
412	0.335	1e-08
413	0.335	1e-08
414	0.335	1e-08
415	0.335	1e-08
416	0.335	1e-08
417	0.335	1e-08
418	0.335	1e-08
419	0.335	1e-08
420	0.335	1e-08
421	0.335	1e-08
422	0.335	1e-08
423	0.335	1e-08
424	0.335	1e-08
425	0.335	1e-08
426	0.335	1e-08
427	0.335	1e-08
428	0.335	1e-08
429	0.335	1e-08
430	0.335	1e-08
431	0.335	1e-08
432	0.335	1e-08
433	0.335	1e-08
434	0.335	1e-08
435	0.335	1e-08
436	0.335	1e-08
437	0.335	1e-08
438	0.335	1e-08
439	0.335	1e-08
440	0.335	1e-08
441	0.335	1e-08
442	0.335	1e-08
443	0.335	1e-08
444	0.335	1e-08
445	0.335	1e-08
446	0.335	1e-08
447	0.335	1e-08
448	0.335	1e-08
449	0.335	1e-08
450	0.335	1e-08
451	0.335	1e-08
452	0.335	1e-08
453	0.335	1e-08
454	0.335	1e-08
455	0.335	1e-08
456	0.335	1e-08
457	0.335	1e-08
458	0.335	1e-08
459	0.335	1e-08
460	0.335	1e-08
461	0.335	1e-08
462	0.335	1e-08
463	0.335	1e-08
464	0.335	1e-08
465	0.335	1e-08
466	0.335	1e-08
467	0.335	1e-08
468	0.335	1e-08
469	0.335	1e-08
470	0.335	1e-08
471	0.335	1e-08
472	0.335	1e-08
473	0.335	1e-08
474	0.335	1e-08
475	0.335	1e-08
476	0.335	1e-08
477	0.335	1e-08
478	0.335	1e-08
479	0.335	1e-08
480	0.335	1e-08
481	0.335	1e-08
482	0.335	1e-08
483	0.335	1e-08
484	0.335	1e-08
485	0.335	1e-08
486	0.335	1e-08
487	0.335	1e-08
488	0.335	1e-08
489	0.335	1e-08
490	0.335	1e-08
491	0.335	1e-08
492	0.335	1e-08
493	0.335	1e-08
494	0.335	1e-08
495	0.335	1e-08
496	0.335	1e-08
497	0.335	1e-08
498	0.335	1e-08
499	0.335	1e-08
500	0.335	1e-08
501	0.335	1e-08
502	0.335	1e-08
503	0.335	1e-08
504	0.335	1e-08
505	0.335	1e-08
506	0.335	1e-08
507	0.335	1e-08
508	0.335	1e-08
509	0.335	1e-08
510	0.335	1e-08
511	0.335	1e-08
512	0.335	1e-08
513	0.335	1e-08
514	0.335	1e-08
515	0.335	1e-08
516	0.335	1e-08
517	0.335	1e-08
518	0.335	1e-08
519	0.335	1e-08
520	0.335	1e-08
521	0.335	1e-08
522	0.335	1e-08
523	0.335	1e-08
524	0.335	1e-08
525	0.335	1e-08
526	0.335	1e-08
527	0.335	1e-08
528	0.335	1e-08
529	0.335	1e-08
530	0.335	1e-08
531	0.335	1e-08
532	0.335	1e-08
533	0.335	1e-08
534	0.335	1e-08
535	0.335	1e-08
536	0.335	1e-08
537	0.335	1e-08
538	0.335	1e-08
539	0.335	1e-08
540	0.335	1e-08
541	0.335	1e-08
542	0.335	1e-08
543	0.335	1e-08
544	0.335	1e-08
545	0.335	1e-08
546	0.335	1e-08
547	0.335	1e-08
548	0.335	1e-08
549	0.335	1e-08
550	0.335	1e-08
551	0.335	1e-08
552	0.335	1e-08
553	0.335	1e-08
554	0.335	1e-08
555	0.335	1e-08
556	0.335	1e-08
557	0.335	1e-08
558	0.335	1e-08
559	0.335	1e-08
560	0.335	1e-08
561	0.335	1e-08
562	0.335	1e-08
563	0.335	1e-08
564	0.335	1e-08
565	0.335	1e-08
566	0.335	1e-08
567	0.335	1e-08
568	0.335	1e-08
569	0.335	1e-08
570	0.335	1e-08
571	0.335	1e-08
572	0.335	1e-08
573	0.335	1e-08
574	0.335	1e-08
575	0.335	1e-08
576	0.335	1e-08
577	0.335	1e-08
578	0.335	1e-08
579	0.335	1e-08
580	0.335	1e-08
581	0.335	1e-08
582	0.335	1e-08
583	0.335	1e-08
584	0.335	1e-08
585	0.335	1e-08
586	0.335	1e-08
587	0.335	1e-08
588	0.335	1e-08
589	0.335	1e-08
590	0.335	1e-08
591	0.335	1e-08
592	0.335	1e-08
593	0.335	1e-08
594	0.335	1e-08
595	0.335	1e-08
596	0.335	1e-08
597	0.335	1e-08
598	0.335	1e-08
599	0.335	1e-08
600	0.335	1e-08
601	0.335	1e-08
602	0.335	1e-08
603	0.335	1e-08
604	0.335	1e-08
605	0.335	1e-08
606	0.335	1e-08
607	0.335	1e-08
608	0.335	1e-08
609	0.335	1e-08
610	0.335	1e-08
611	0.335	1e-08
612	0.335	1e-08
613	0.335	1e-08
614	0.335	1e-08
615	0.335	1e-08
616	0.335	1e-08
617	0.335	1e-08
618	0.335	1e-08
619	0.335	1e-08
620	0.335	1e-08
621	0.335	1e-08
622	0.335	1e-08
623	0.335	1e-08
624	0.335	1e-08
625	0.335	1e-08
626	0.335	1e-08
627	0.335	1e-08
628	0.335	1e-08
629	0.335	1e-08
630	0.335	1e-08
631	0.335	1e-08
632	0.335	1e-08
633	0.335	1e-08
634	0.335	1e-08
635	0.335	1e-08
636	0.335	1e-08
637	0.335	1e-08
638	0.335	1e-08
639	0.335	1e-08
640	0.335	1e-08
641	0.335	1e-08
642	0.335	1e-08
643	0.335	1e-08
644	0.335	1e-08
645	0.335	1e-08
646	0.335	1e-08
647	0.335	1e-08
648	0.335	1e-08
649	0.335	1e-08
650	0.335	1e-08
651	0.335	1e-08
652	0.335	1e-08
653	0.335	1e-08
654	0.335	1e-08
655	0.335	1e-08
656	0.335	1e-08
657	0.335	1e-08
658	0.335	1e-08
659	0.335	1e-08
660	0.335	1e-08
661	0.335	1e-08
662	0.335	1e-08
663	0.335	1e-08
664	0.335	1e-08
665	0.335	1e-08
666	0.335	1e-08
667	0.335	1e-08
668	0.335	1e-08
669	0.335	1e-08
670	0.335	1e-08
671	0.335	1e-08
672	0.335	1e-08
673	0.335	1e-08
674	0.335	1e-08
675	0.335	1e-08
676	0.335	1e-08
677	0.335	1e-08
678	0.335	1e-08
679	0.335	1e-08
680	0.335	1e-08
681	0.335	1e-08
682	0.335	1e-08
683	0.335	1e-08
684	0.335	1e-08
685	0.335	1e-08
686	0.335	1e-08
687	0.335	1e-08
688	0.335	1e-08
689	0.335	1e-08
690	0.335	1e-08
691	0.335	1e-08
692	0.335	1e-08
693	0.335	1e-08
694	0.335	1e-08
695	0.335	1e-08
696	0.335	1e-08
697	0.335	1e-08
698	0.335	1e-08
699	0.335	1e-08
700	0.335	1e-08
701	0.335	1e-08
702	0.335	1e-08
703	0.335	1e-08
704	0.335	1e-08
705	0.335	1e-08
706	0.335	1e-08
707	0.335	1e-08
708	0.335	1e-08
709	0.325	1e-08
710	0.325	1e-08
711	0.325	1e-08
712	0.325	1e-08
713	0.325	1e-08
714	0.325	1e-08
715	0.325	1e-08
716	0.325	1e-08
717	0.325	1e-08
718	0.325	1e-08
719	0.325	1e-08
720	0.325	1e-08
721	0.325	1e-08
722	0.325	1e-08
723	0.325	1e-08
724	0.325	1e-08
725	0.325	1e-08
726	0.325	1e-08
727	0.325	1e-08
728	0.325	1e-08
729	0.325	1e-08
730	0.325	1e-08
731	0.325	1e-08
732	0.325	1e-08
733	0.325	1e-08
734	0.325	1e-08
735	0.325	1e-08
736	0.325	1e-08
737	0.325	1e-08
738	0.325	1e-08
739	0.325	1e-08
740	0.325	1e-08
741	0.325	1e-08
742	0.325	1e-08
743	0.325	1e-08
744	0.325	1e-08
745	0.325	1e-08
746	0.325	1e-08
747	0.325	1e-08
748	0.325	1e-08
749	0.325	1e-08
750	0.325	1e-08
751	0.325	1e-08
752	0.325	1e-08
753	0.325	1e-08
754	0.325	1e-08
755	0.325	1e-08
756	0.325	1e-08
757	0.325	1e-08
758	0.325	1e-08
759	0.325	1e-08
760	0.325	1e-08
761	0.325	1e-08
762	0.325	1e-08
763	0.325	1e-08
764	0.325	1e-08
765	0.325	1e-08
766	0.325	1e-08
767	0.325	1e-08
768	0.325	1e-08
769	0.325	1e-08
770	0.325	1e-08
771	0.325	1e-08
772	0.325	1e-08
773	0.325	1e-08
774	0.325	1e-08
775	0.325	1e-08
776	0.325	1e-08
777	0.325	1e-08
778	0.325	1e-08
779	0.325	1e-08
780	0.325	1e-08
781	0.325	1e-08
782	0.325	1e-08
783	0.325	1e-08
784	0.325	1e-08
785	0.325	1e-08
786	0.325	1e-08
787	0.325	1e-08
788	0.325	1e-08
789	0.325	1e-08
790	0.325	1e-08
791	0.325	1e-08
792	0.325	1e-08
793	0.325	1e-08
794	0.325	1e-08
795	0.325	1e-08
796	0.325	1e-08
797	0.325	1e-08
798	0.325	1e-08
799	0.325	1e-08
800	0.325	1e-08
801	0.325	1e-08
802	0.325	1e-08
803	0.325	1e-08
804	0.325	1e-08
805	0.325	1e-08
806	0.325	1e-08
807	0.325	1e-08
808	0.325	1e-08
809	0.325	1e-08
810	0.325	1e-08
811	0.325	1e-08
812	0.325	1e-08
813	0.325	1e-08
814	0.325	1e-08
815	0.325	1e-08
816	0.325	1e-08
817	0.325	1e-08
818	0.325	1e-08
819	0.325	1e-08
820	0.325	1e-08
821	0.325	1e-08
822	0.325	1e-08
823	0.325	1e-08
824	0.325	1e-08
825	0.325	1e-08
826	0.325	1e-08
827	0.325	1e-08
828	0.325	1e-08
829	0.325	1e-08
830	0.325	1e-08
831	0.325	1e-08
832	0.325	1e-08
833	0.325	1e-08
834	0.325	1e-08
835	0.325	1e-08
836	0.325	1e-08
837	0.325	1e-08
838	0.325	1e-08
839	0.325	1e-08
840	0.325	1e-08
841	0.325	1e-08
842	0.325	1e-08
843	0.325	1e-08
844	0.325	1e-08
845	0.325	1e-08
846	0.325	1e-08
847	0.325	1e-08
848	0.325	1e-08
849	0.325	1e-08
850	0.325	1e-08
851	0.325	1e-08
852	0.325	1e-08
853	0.325	1e-08
854	0.325	1e-08
855	0.325	1e-08
856	0.325	1e-08
857	0.325	1e-08
858	0.325	1e-08
859	0.325	1e-08
860	0.325	1e-08
861	0.325	1e-08
862	0.325	1e-08
863	0.325	1e-08
864	0.325	1e-08
865	0.325	1e-08
866	0.325	1e-08
867	0.325	1e-08
868	0.325	1e-08
869	0.325	1e-08
870	0.325	1e-08
871	0.325	1e-08
872	0.325	1e-08
873	0.325	1e-08
874	0.325	1e-08
875	0.325	1e-08
876	0.325	1e-08
877	0.325	1e-08
878	0.325	1e-08
879	0.325	1e-08
880	0.325	1e-08
881	0.325	1e-08
882	0.325	1e-08
883	0.325	1e-08
884	0.325	1e-08
885	0.325	1e-08
886	0.325	1e-08
887	0.325	1e-08
888	0.325	1e-08
889	0.325	1e-08
890	0.325	1e-08
891	0.325	1e-08
892	0.325	1e-08
893	0.325	1e-08
894	0.325	1e-08
895	0.325	1e-08
896	0.325	1e-08
897	0.325	1e-08
898	0.325	1e-08
899	0.325	1e-08
900	0.325	1e-08
901	0.325	1e-08
902	0.325	1e-08
903	0.325	1e-08
904	0.325	1e-08
905	0.325	1e-08
906	0.325	1e-08
907	0.325	1e-08
908	0.325	1e-08
909	0.325	1e-08
910	0.325	1e-08
911	0.325	1e-08
912	0.325	1e-08
913	0.325	1e-08
914	0.325	1e-08
915	0.325	1e-08
916	0.325	1e-08
917	0.325	1e-08
918	0.325	1e-08
919	0.325	1e-08
920	0.325	1e-08
921	0.325	1e-08
922	0.325	1e-08
923	0.325	1e-08
924	0.325	1e-08
925	0.325	1e-08
926	0.325	1e-08
927	0.325	1e-08
928	0.325	1e-08
929	0.325	1e-08
930	0.325	1e-08
931	0.325	1e-08
932	0.325	1e-08
933	0.325	1e-08
934	0.325	1e-08
935	0.325	1e-08
936	0.325	1e-08
937	0.325	1e-08
938	0.325	1e-08
939	0.325	1e-08
940	0.325	1e-08
941	0.325	1e-08
942	0.325	1e-08
943	0.325	1e-08
944	0.325	1e-08
945	0.325	1e-08
946	0.325	1e-08
947	0.325	1e-08
948	0.325	1e-08
949	0.325	1e-08
950	0.325	1e-08
951	0.325	1e-08
952	0.325	1e-08
953	0.325	1e-08
954	0.325	1e-08
955	0.325	1e-08
956	0.325	1e-08
957	0.325	1e-08
958	0.325	1e-08
959	0.325	1e-08
960	0.325	1e-08
961	0.325	1e-08
962	0.325	1e-08
963	0.325	1e-08
964	0.325	1e-08
965	0.325	1e-08
966	0.325	1e-08
967	0.325	1e-08
968	0.325	1e-08
969	0.325	1e-08
970	0.325	1e-08
971	0.325	1e-08
972	0.325	1e-08
973	0.325	1e-08
974	0.325	1e-08
975	0.325	1e-08
976	0.325	1e-08
977	0.325	1e-08
978	0.325	1e-08
979	0.325	1e-08
980	0.325	1e-08
981	0.315	1e-08
982	0.315	1e-08
983	0.315	1e-08
984	0.315	1e-08
985	0.315	1e-08
986	0.315	1e-08
987	0.315	1e-08
988	0.315	1e-08
989	0.315	1e-08
990	0.315	1e-08
991	0.315	1e-08
992	0.315	1e-08
993	0.315	1e-08
994	0.315	1e-08
995	0.315	1e-08
996	0.315	1e-08
997	0.315	1e-08
998	0.315	1e-08
999	0.315	1e-08
1000	0.315	1e-08
1001	0.315	1e-08
1002	0.315	1e-08
1003	0.315	1e-08
1004	0.315	1e-08
1005	0.315	1e-08
1006	0.315	1e-08
1007	0.315	1e-08
1008	0.315	1e-08
1009	0.315	1e-08
1010	0.315	1e-08
1011	0.315	1e-08
1012	0.315	1e-08
1013	0.315	1e-08
1014	0.315	1e-08
1015	0.315	1e-08
1016	0.315	1e-08
1017	0.315	1e-08
1018	0.315	1e-08
1019	0.315	1e-08
1020	0.315	1e-08
1021	0.315	1e-08
1022	0.315	1e-08
1023	0.315	1e-08
1024	0.315	1e-08
1025	0.315	1e-08
1026	0.315	1e-08
1027	0.315	1e-08
1028	0.315	1e-08
1029	0.315	1e-08
1030	0.315	1e-08
1031	0.315	1e-08
1032	0.315	1e-08
1033	0.315	1e-08
1034	0.315	1e-08
1035	0.315	1e-08
1036	0.315	1e-08
1037	0.315	1e-08
1038	0.315	1e-08
1039	0.315	1e-08
1040	0.315	1e-08
1041	0.315	1e-08
1042	0.315	1e-08
1043	0.315	1e-08
1044	0.315	1e-08
1045	0.315	1e-08
1046	0.315	1e-08
1047	0.315	1e-08
1048	0.315	1e-08
1049	0.315	1e-08
1050	0.315	1e-08
1051	0.315	1e-08
1052	0.315	1e-08
1053	0.315	1e-08
1054	0.315	1e-08
1055	0.315	1e-08
1056	0.315	1e-08
1057	0.315	1e-08
1058	0.315	1e-08
1059	0.315	1e-08
1060	0.315	1e-08
1061	0.315	1e-08
1062	0.315	1e-08
1063	0.315	1e-08
1064	0.305	1e-08
1065	0.305	1e-08
1066	0.305	1e-08
1067	0.305	1e-08
1068	0.265	1e-08
1069	0.255	1e-08
1070	0.245	1e-08
1071	0.205	1e-08
1072	0.205	1e-08
1073	0.205	1e-08
1074	0.185	1e-08
1075	0.185	1e-08
1076	0.185	1e-08
1077	0.175	1e-08
1078	0.065	1e-08
1079	0.065	1e-08
1080	0.065	1e-08
1081	0.045	1e-08
1082	0.045	1e-08
1083	0.045	1e-08
1084	0.045	1e-08
1085	0.045	1e-08
1086	0.045	1e-08
1087	0.045	1e-08
1088	0.035	1e-08
1089	0.035	1e-08
1090	0.035	1e-08
1091	0.035	1e-08
1092	0.035	1e-08
1093	0.035	1e-08
1094	0.035	1e-08
1095	0.035	1e-08
1096	0.035	1e-08
1097	0.035	1e-08
1098	0.035	1e-08
1099	0.035	1e-08
1100	0.025	1e-08
1101	0.025	1e-08
1102	0.015	1e-08
1103	0.015	1e-08
1104	0.015	1e-08
1105	0.015	1e-08
1106	0.015	1e-08
1107	0.015	1e-08
1108	0.015	1e-08
1109	0.015	1e-08
