Time [us] - histogram	Counts - histogram
0.005	0
0.015	4
0.025	9
0.035	7
0.045	11
0.055	13
0.065	6
0.075	11
0.085	13
0.095	7
0.105	14
0.115	8
0.125	9
0.135	9
0.145	9
0.155	10
0.165	9
0.175	8
0.185	11
0.195	6
0.205	10
0.215	7
0.225	12
0.235	11
0.245	11
0.255	8
0.265	9
0.275	2
0.285	8
0.295	7
0.305	8
0.315	8
0.325	6
0.335	9
0.345	6
0.355	11
0.365	10
0.375	15
0.385	7
0.395	9
0.405	7
0.415	5
0.425	11
0.435	6
0.445	12
0.455	7
0.465	8
0.475	2
0.485	6
0.495	7
0.505	8
0.515	9
0.525	8
0.535	4
0.545	4
0.555	10
0.565	3
0.575	9
0.585	7
0.595	8
0.605	5
0.615	3
0.625	6
0.635	9
0.645	5
0.655	9
0.665	7
0.675	8
0.685	6
0.695	3
0.705	6
0.715	9
0.725	5
0.735	5
0.745	2
0.755	6
0.765	4
0.775	7
0.785	7
0.795	5
0.805	7
0.815	8
0.825	7
0.835	5
0.845	3
0.855	5
0.865	3
0.875	7
0.885	2
0.895	8
0.905	10
0.915	4
0.925	9
0.935	5
0.945	6
0.955	7
0.965	3
0.975	7
0.985	8
0.995	8
1.005	5
1.015	4
1.025	3
1.035	6
1.045	6
1.055	4
1.065	5
1.075	7
1.085	7
1.095	5
1.105	8
1.115	6
1.125	6
1.135	6
1.145	6
1.155	7
1.165	4
1.175	7
1.185	7
1.195	5
1.205	7
1.215	4
1.225	3
1.235	7
1.245	7
1.255	4
1.265	7
1.275	5
1.285	10
1.295	4
1.305	7
1.315	4
1.325	6
1.335	10
1.345	7
1.355	5
1.365	7
1.375	8
1.385	5
1.395	6
1.405	7
1.415	3
1.425	1
1.435	3
1.445	6
1.455	9
1.465	5
1.475	4
1.485	5
1.495	5
1.505	4
1.515	5
1.525	6
1.535	2
1.545	8
1.555	3
1.565	3
1.575	2
1.585	3
1.595	4
1.605	4
1.615	2
1.625	2
1.635	3
1.645	9
1.655	2
1.665	2
1.675	7
1.685	2
1.695	5
1.705	5
1.715	2
1.725	3
1.735	6
1.745	3
1.755	4
1.765	2
1.775	6
1.785	4
1.795	3
1.805	1
1.815	4
1.825	3
1.835	3
1.845	9
1.855	3
1.865	4
1.875	4
1.885	5
1.895	4
1.905	1
1.915	2
1.925	8
1.935	3
1.945	1
1.955	5
1.965	3
1.975	3
1.985	1
1.995	2
2.005	3
2.015	3
2.025	3
2.035	0
2.045	5
2.055	4
2.065	1
2.075	3
2.085	2
2.095	1
2.105	1
2.115	4
2.125	3
2.135	5
2.145	2
2.155	5
2.165	4
2.175	7
2.185	2
2.195	3
2.205	7
2.215	2
2.225	3
2.235	4
2.245	5
2.255	4
2.265	5
2.275	7
2.285	2
2.295	2
2.305	2
2.315	4
2.325	5
2.335	3
2.345	3
2.355	3
2.365	2
2.375	1
2.385	2
2.395	5
2.405	1
2.415	2
2.425	3
2.435	3
2.445	1
2.455	3
2.465	3
2.475	5
2.485	4
2.495	5
2.505	4
2.515	2
2.525	4
2.535	2
2.545	3
2.555	7
2.565	1
2.575	4
2.585	0
2.595	7
2.605	1
2.615	1
2.625	6
2.635	0
2.645	1
2.655	1
2.665	0
2.675	3
2.685	2
2.695	1
2.705	2
2.715	2
2.725	1
2.735	0
2.745	1
2.755	3
2.765	3
2.775	0
2.785	1
2.795	1
2.805	3
2.815	2
2.825	0
2.835	1
2.845	1
2.855	0
2.865	0
2.875	3
2.885	2
2.895	4
2.905	5
2.915	1
2.925	3
2.935	2
2.945	1
2.955	2
2.965	4
2.975	1
2.985	3
2.995	0
3.005	1
3.015	2
3.025	2
3.035	3
3.045	4
3.055	4
3.065	3
3.075	1
3.085	3
3.095	0
3.105	3
3.115	5
3.125	2
3.135	4
3.145	3
3.155	3
3.165	2
3.175	2
3.185	2
3.195	2
3.205	0
3.215	2
3.225	4
3.235	3
3.245	3
3.255	2
3.265	4
3.275	3
3.285	5
3.295	4
3.305	2
3.315	3
3.325	3
3.335	0
3.345	0
3.355	1
3.365	1
3.375	3
3.385	4
3.395	2
3.405	0
3.415	1
3.425	0
3.435	4
3.445	0
3.455	3
3.465	1
3.475	3
3.485	3
3.495	1
3.505	2
3.515	1
3.525	0
3.535	1
3.545	3
3.555	2
3.565	1
3.575	2
3.585	1
3.595	1
3.605	1
3.615	3
3.625	5
3.635	0
3.645	1
3.655	2
3.665	1
3.675	0
3.685	2
3.695	2
3.705	0
3.715	1
3.725	0
3.735	0
3.745	1
3.755	2
3.765	1
3.775	3
3.785	1
3.795	2
3.805	3
3.815	2
3.825	1
3.835	2
3.845	0
3.855	0
3.865	4
3.875	0
3.885	1
3.895	3
3.905	0
3.915	2
3.925	0
3.935	1
3.945	1
3.955	4
3.965	2
3.975	1
3.985	2
3.995	2
4.005	2
4.015	1
4.025	0
4.035	3
4.045	2
4.055	4
4.065	2
4.075	2
4.085	1
4.095	6
4.105	0
4.115	0
4.125	3
4.135	0
4.145	2
4.155	1
4.165	0
4.175	2
4.185	0
4.195	1
4.205	0
4.215	1
4.225	3
4.235	3
4.245	1
4.255	2
4.265	1
4.275	1
4.285	2
4.295	1
4.305	0
4.315	2
4.325	1
4.335	2
4.345	1
4.355	2
4.365	1
4.375	0
4.385	2
4.395	0
4.405	2
4.415	0
4.425	0
4.435	0
4.445	1
4.455	1
4.465	2
4.475	3
4.485	1
4.495	2
4.505	1
4.515	0
4.525	2
4.535	2
4.545	2
4.555	2
4.565	0
4.575	1
4.585	0
4.595	2
4.605	1
4.615	0
4.625	3
4.635	2
4.645	1
4.655	1
4.665	0
4.675	1
4.685	2
4.695	3
4.705	1
4.715	0
4.725	2
4.735	1
4.745	2
4.755	0
4.765	4
4.775	1
4.785	1
4.795	1
4.805	0
4.815	0
4.825	1
4.835	0
4.845	0
4.855	0
4.865	1
4.875	1
4.885	2
4.895	0
4.905	2
4.915	0
4.925	5
4.935	0
4.945	3
4.955	1
4.965	3
4.975	1
4.985	0
4.995	2
5.005	2
5.015	0
5.025	0
5.035	1
5.045	0
5.055	2
5.065	0
5.075	0
5.085	1
5.095	0
5.105	1
5.115	2
5.125	1
5.135	0
5.145	1
5.155	1
5.165	2
5.175	1
5.185	0
5.195	0
5.205	2
5.215	1
5.225	1
5.235	0
5.245	1
5.255	0
5.265	0
5.275	0
5.285	1
5.295	0
5.305	0
5.315	1
5.325	0
5.335	0
5.345	1
5.355	0
5.365	3
5.375	0
5.385	2
5.395	2
5.405	2
5.415	2
5.425	0
5.435	0
5.445	1
5.455	0
5.465	1
5.475	1
5.485	1
5.495	0
5.505	2
5.515	1
5.525	1
5.535	1
5.545	1
5.555	1
5.565	0
5.575	3
5.585	2
5.595	0
5.605	0
5.615	0
5.625	1
5.635	0
5.645	0
5.655	1
5.665	1
5.675	0
5.685	1
5.695	2
5.705	0
5.715	0
5.725	3
5.735	0
5.745	0
5.755	1
5.765	0
5.775	1
5.785	1
5.795	1
5.805	0
5.815	2
5.825	1
5.835	0
5.845	0
5.855	0
5.865	0
5.875	0
5.885	0
5.895	0
5.905	0
5.915	0
5.925	0
5.935	1
5.945	0
5.955	1
5.965	2
5.975	0
5.985	1
5.995	1
6.005	0
6.015	0
6.025	1
6.035	0
6.045	2
6.055	0
6.065	0
6.075	0
6.085	1
6.095	0
6.105	0
6.115	0
6.125	3
6.135	0
6.145	0
6.155	0
6.165	0
6.175	0
6.185	0
6.195	0
6.205	0
6.215	1
6.225	0
6.235	3
6.245	0
6.255	2
6.265	0
6.275	1
6.285	1
6.295	0
6.305	0
6.315	0
6.325	1
6.335	0
6.345	0
6.355	0
6.365	0
6.375	0
6.385	0
6.395	1
6.405	0
6.415	1
6.425	0
6.435	1
6.445	0
6.455	0
6.465	0
6.475	0
6.485	2
6.495	0
6.505	0
6.515	0
6.525	0
6.535	1
6.545	1
6.555	0
6.565	1
6.575	1
6.585	0
6.595	1
6.605	2
6.615	0
6.625	0
6.635	0
6.645	1
6.655	0
6.665	0
6.675	0
6.685	0
6.695	2
6.705	2
6.715	0
6.725	1
6.735	0
6.745	1
6.755	0
6.765	0
6.775	1
6.785	1
6.795	0
6.805	0
6.815	1
6.825	2
6.835	0
6.845	0
6.855	0
6.865	0
6.875	0
6.885	0
6.895	1
6.905	0
6.915	0
6.925	1
6.935	0
6.945	0
6.955	0
6.965	1
6.975	1
6.985	1
6.995	0
7.005	1
7.015	1
7.025	1
7.035	0
7.045	0
7.055	0
7.065	0
7.075	1
7.085	0
7.095	0
7.105	0
7.115	1
7.125	1
7.135	0
7.145	1
7.155	1
7.165	0
7.175	0
7.185	1
7.195	1
7.205	0
7.215	0
7.225	1
7.235	1
7.245	0
7.255	0
7.265	0
7.275	0
7.285	0
7.295	0
7.305	0
7.315	1
7.325	0
7.335	0
7.345	3
7.355	1
7.365	0
7.375	0
7.385	0
7.395	0
7.405	0
7.415	0
7.425	0
7.435	0
7.445	0
7.455	0
7.465	0
7.475	0
7.485	2
7.495	1
7.505	1
7.515	1
7.525	1
7.535	1
7.545	0
7.555	0
7.565	1
7.575	0
7.585	0
7.595	0
7.605	0
7.615	0
7.625	0
7.635	2
7.645	0
7.655	0
7.665	1
7.675	1
7.685	1
7.695	0
7.705	0
7.715	0
7.725	0
7.735	0
7.745	0
7.755	0
7.765	1
7.775	0
7.785	0
7.795	0
7.805	0
7.815	0
7.825	0
7.835	0
7.845	0
7.855	0
7.865	0
7.875	0
7.885	0
7.895	0
7.905	0
7.915	0
7.925	1
7.935	0
7.945	1
7.955	0
7.965	1
7.975	0
7.985	1
7.995	0
8.005	0
8.015	0
8.025	0
8.035	0
8.045	0
8.055	1
8.065	0
8.075	0
8.085	0
8.095	1
8.105	0
8.115	0
8.125	0
8.135	0
8.145	0
8.155	0
8.165	0
8.175	0
8.185	0
8.195	0
8.205	1
8.215	0
8.225	0
8.235	1
8.245	0
8.255	1
8.265	1
8.275	0
8.285	0
8.295	1
8.305	0
8.315	0
8.325	0
8.335	0
8.345	0
8.355	0
8.365	1
8.375	1
8.385	1
8.395	0
8.405	0
8.415	0
8.425	0
8.435	0
8.445	0
8.455	0
8.465	0
8.475	1
8.485	0
8.495	0
8.505	0
8.515	0
8.525	0
8.535	1
8.545	0
8.555	1
8.565	0
8.575	0
8.585	0
8.595	0
8.605	1
8.615	0
8.625	0
8.635	1
8.645	1
8.655	0
8.665	0
8.675	1
8.685	0
8.695	0
8.705	0
8.715	0
8.725	0
8.735	0
8.745	0
8.755	1
8.765	1
8.775	0
8.785	0
8.795	0
8.805	0
8.815	0
8.825	1
8.835	0
8.845	0
8.855	0
8.865	0
8.875	0
8.885	0
8.895	0
8.905	0
8.915	0
8.925	1
8.935	1
8.945	0
8.955	0
8.965	0
8.975	0
8.985	0
8.995	0
9.005	0
9.015	0
9.025	0
9.035	0
9.045	0
9.055	0
9.065	0
9.075	0
9.085	0
9.095	0
9.105	0
9.115	0
9.125	0
9.135	0
9.145	0
9.155	0
9.165	0
9.175	0
9.185	0
9.195	0
9.205	0
9.215	0
9.225	0
9.235	0
9.245	0
9.255	0
9.265	0
9.275	0
9.285	0
9.295	0
9.305	0
9.315	0
9.325	0
9.335	0
9.345	1
9.355	0
9.365	0
9.375	0
9.385	0
9.395	0
9.405	0
9.415	0
9.425	1
9.435	0
9.445	0
9.455	0
9.465	0
9.475	0
9.485	0
9.495	0
9.505	0
9.515	1
9.525	0
9.535	0
9.545	0
9.555	0
9.565	0
9.575	0
9.585	0
9.595	0
9.605	0
9.615	0
9.625	0
9.635	0
9.645	0
9.655	0
9.665	0
9.675	0
9.685	0
9.695	0
9.705	0
9.715	0
9.725	0
9.735	0
9.745	0
9.755	0
9.765	0
9.775	0
9.785	0
9.795	0
9.805	0
9.815	0
9.825	0
9.835	0
9.845	0
9.855	0
9.865	0
9.875	0
9.885	0
9.895	0
9.905	0
9.915	0
9.925	0
9.935	1
9.945	0
9.955	0
9.965	0
9.975	0
9.985	0
9.995	1
10.005	0
10.015	0
10.025	0
10.035	1
10.045	0
10.055	0
10.065	0
10.075	0
10.085	0
10.095	0
