	time	error
0	10.035	1e-08
1	9.995	1e-08
2	9.935	1e-08
3	9.515	1e-08
4	9.425	1e-08
5	9.345	1e-08
6	8.935	1e-08
7	8.925	1e-08
8	8.825	1e-08
9	8.765	1e-08
10	8.755	1e-08
11	8.675	1e-08
12	8.645	1e-08
13	8.635	1e-08
14	8.605	1e-08
15	8.555	1e-08
16	8.535	1e-08
17	8.475	1e-08
18	8.385	1e-08
19	8.375	1e-08
20	8.365	1e-08
21	8.295	1e-08
22	8.265	1e-08
23	8.255	1e-08
24	8.235	1e-08
25	8.205	1e-08
26	8.095	1e-08
27	8.055	1e-08
28	7.985	1e-08
29	7.965	1e-08
30	7.945	1e-08
31	7.925	1e-08
32	7.765	1e-08
33	7.685	1e-08
34	7.675	1e-08
35	7.665	1e-08
36	7.635	1e-08
37	7.635	1e-08
38	7.565	1e-08
39	7.535	1e-08
40	7.525	1e-08
41	7.515	1e-08
42	7.505	1e-08
43	7.495	1e-08
44	7.485	1e-08
45	7.485	1e-08
46	7.355	1e-08
47	7.345	1e-08
48	7.345	1e-08
49	7.345	1e-08
50	7.315	1e-08
51	7.235	1e-08
52	7.225	1e-08
53	7.195	1e-08
54	7.185	1e-08
55	7.155	1e-08
56	7.145	1e-08
57	7.125	1e-08
58	7.115	1e-08
59	7.075	1e-08
60	7.025	1e-08
61	7.015	1e-08
62	7.005	1e-08
63	6.985	1e-08
64	6.975	1e-08
65	6.965	1e-08
66	6.925	1e-08
67	6.895	1e-08
68	6.825	1e-08
69	6.825	1e-08
70	6.815	1e-08
71	6.785	1e-08
72	6.775	1e-08
73	6.745	1e-08
74	6.725	1e-08
75	6.705	1e-08
76	6.705	1e-08
77	6.695	1e-08
78	6.695	1e-08
79	6.645	1e-08
80	6.605	1e-08
81	6.605	1e-08
82	6.595	1e-08
83	6.575	1e-08
84	6.565	1e-08
85	6.545	1e-08
86	6.535	1e-08
87	6.485	1e-08
88	6.485	1e-08
89	6.435	1e-08
90	6.415	1e-08
91	6.395	1e-08
92	6.325	1e-08
93	6.285	1e-08
94	6.275	1e-08
95	6.255	1e-08
96	6.255	1e-08
97	6.235	1e-08
98	6.235	1e-08
99	6.235	1e-08
100	6.215	1e-08
101	6.125	1e-08
102	6.125	1e-08
103	6.125	1e-08
104	6.085	1e-08
105	6.045	1e-08
106	6.045	1e-08
107	6.025	1e-08
108	5.995	1e-08
109	5.985	1e-08
110	5.965	1e-08
111	5.965	1e-08
112	5.955	1e-08
113	5.935	1e-08
114	5.825	1e-08
115	5.815	1e-08
116	5.815	1e-08
117	5.795	1e-08
118	5.785	1e-08
119	5.775	1e-08
120	5.755	1e-08
121	5.725	1e-08
122	5.725	1e-08
123	5.725	1e-08
124	5.695	1e-08
125	5.695	1e-08
126	5.685	1e-08
127	5.665	1e-08
128	5.655	1e-08
129	5.625	1e-08
130	5.585	1e-08
131	5.585	1e-08
132	5.575	1e-08
133	5.575	1e-08
134	5.575	1e-08
135	5.555	1e-08
136	5.545	1e-08
137	5.535	1e-08
138	5.525	1e-08
139	5.515	1e-08
140	5.505	1e-08
141	5.505	1e-08
142	5.485	1e-08
143	5.475	1e-08
144	5.465	1e-08
145	5.445	1e-08
146	5.415	1e-08
147	5.415	1e-08
148	5.405	1e-08
149	5.405	1e-08
150	5.395	1e-08
151	5.395	1e-08
152	5.385	1e-08
153	5.385	1e-08
154	5.365	1e-08
155	5.365	1e-08
156	5.365	1e-08
157	5.345	1e-08
158	5.315	1e-08
159	5.285	1e-08
160	5.245	1e-08
161	5.225	1e-08
162	5.215	1e-08
163	5.205	1e-08
164	5.205	1e-08
165	5.175	1e-08
166	5.165	1e-08
167	5.165	1e-08
168	5.155	1e-08
169	5.145	1e-08
170	5.125	1e-08
171	5.115	1e-08
172	5.115	1e-08
173	5.105	1e-08
174	5.085	1e-08
175	5.055	1e-08
176	5.055	1e-08
177	5.035	1e-08
178	5.005	1e-08
179	5.005	1e-08
180	4.995	1e-08
181	4.995	1e-08
182	4.975	1e-08
183	4.965	1e-08
184	4.965	1e-08
185	4.965	1e-08
186	4.955	1e-08
187	4.945	1e-08
188	4.945	1e-08
189	4.945	1e-08
190	4.925	1e-08
191	4.925	1e-08
192	4.925	1e-08
193	4.925	1e-08
194	4.925	1e-08
195	4.905	1e-08
196	4.905	1e-08
197	4.885	1e-08
198	4.885	1e-08
199	4.875	1e-08
200	4.865	1e-08
201	4.825	1e-08
202	4.795	1e-08
203	4.785	1e-08
204	4.775	1e-08
205	4.765	1e-08
206	4.765	1e-08
207	4.765	1e-08
208	4.765	1e-08
209	4.745	1e-08
210	4.745	1e-08
211	4.735	1e-08
212	4.725	1e-08
213	4.725	1e-08
214	4.705	1e-08
215	4.695	1e-08
216	4.695	1e-08
217	4.695	1e-08
218	4.685	1e-08
219	4.685	1e-08
220	4.675	1e-08
221	4.655	1e-08
222	4.645	1e-08
223	4.635	1e-08
224	4.635	1e-08
225	4.625	1e-08
226	4.625	1e-08
227	4.625	1e-08
228	4.605	1e-08
229	4.595	1e-08
230	4.595	1e-08
231	4.575	1e-08
232	4.555	1e-08
233	4.555	1e-08
234	4.545	1e-08
235	4.545	1e-08
236	4.535	1e-08
237	4.535	1e-08
238	4.525	1e-08
239	4.525	1e-08
240	4.505	1e-08
241	4.495	1e-08
242	4.495	1e-08
243	4.485	1e-08
244	4.475	1e-08
245	4.475	1e-08
246	4.475	1e-08
247	4.465	1e-08
248	4.465	1e-08
249	4.455	1e-08
250	4.445	1e-08
251	4.405	1e-08
252	4.405	1e-08
253	4.385	1e-08
254	4.385	1e-08
255	4.365	1e-08
256	4.355	1e-08
257	4.355	1e-08
258	4.345	1e-08
259	4.335	1e-08
260	4.335	1e-08
261	4.325	1e-08
262	4.315	1e-08
263	4.315	1e-08
264	4.295	1e-08
265	4.285	1e-08
266	4.285	1e-08
267	4.275	1e-08
268	4.265	1e-08
269	4.255	1e-08
270	4.255	1e-08
271	4.245	1e-08
272	4.235	1e-08
273	4.235	1e-08
274	4.235	1e-08
275	4.225	1e-08
276	4.225	1e-08
277	4.225	1e-08
278	4.215	1e-08
279	4.195	1e-08
280	4.175	1e-08
281	4.175	1e-08
282	4.155	1e-08
283	4.145	1e-08
284	4.145	1e-08
285	4.125	1e-08
286	4.125	1e-08
287	4.125	1e-08
288	4.095	1e-08
289	4.095	1e-08
290	4.095	1e-08
291	4.095	1e-08
292	4.095	1e-08
293	4.095	1e-08
294	4.085	1e-08
295	4.075	1e-08
296	4.075	1e-08
297	4.065	1e-08
298	4.065	1e-08
299	4.055	1e-08
300	4.055	1e-08
301	4.055	1e-08
302	4.055	1e-08
303	4.045	1e-08
304	4.045	1e-08
305	4.035	1e-08
306	4.035	1e-08
307	4.035	1e-08
308	4.015	1e-08
309	4.005	1e-08
310	4.005	1e-08
311	3.995	1e-08
312	3.995	1e-08
313	3.985	1e-08
314	3.985	1e-08
315	3.975	1e-08
316	3.965	1e-08
317	3.965	1e-08
318	3.955	1e-08
319	3.955	1e-08
320	3.955	1e-08
321	3.955	1e-08
322	3.945	1e-08
323	3.935	1e-08
324	3.915	1e-08
325	3.915	1e-08
326	3.895	1e-08
327	3.895	1e-08
328	3.895	1e-08
329	3.885	1e-08
330	3.865	1e-08
331	3.865	1e-08
332	3.865	1e-08
333	3.865	1e-08
334	3.835	1e-08
335	3.835	1e-08
336	3.825	1e-08
337	3.815	1e-08
338	3.815	1e-08
339	3.805	1e-08
340	3.805	1e-08
341	3.805	1e-08
342	3.795	1e-08
343	3.795	1e-08
344	3.785	1e-08
345	3.775	1e-08
346	3.775	1e-08
347	3.775	1e-08
348	3.765	1e-08
349	3.755	1e-08
350	3.755	1e-08
351	3.745	1e-08
352	3.715	1e-08
353	3.695	1e-08
354	3.695	1e-08
355	3.685	1e-08
356	3.685	1e-08
357	3.665	1e-08
358	3.655	1e-08
359	3.655	1e-08
360	3.645	1e-08
361	3.625	1e-08
362	3.625	1e-08
363	3.625	1e-08
364	3.625	1e-08
365	3.625	1e-08
366	3.615	1e-08
367	3.615	1e-08
368	3.615	1e-08
369	3.605	1e-08
370	3.595	1e-08
371	3.585	1e-08
372	3.575	1e-08
373	3.575	1e-08
374	3.565	1e-08
375	3.555	1e-08
376	3.555	1e-08
377	3.545	1e-08
378	3.545	1e-08
379	3.545	1e-08
380	3.535	1e-08
381	3.515	1e-08
382	3.505	1e-08
383	3.505	1e-08
384	3.495	1e-08
385	3.485	1e-08
386	3.485	1e-08
387	3.485	1e-08
388	3.475	1e-08
389	3.475	1e-08
390	3.475	1e-08
391	3.465	1e-08
392	3.455	1e-08
393	3.455	1e-08
394	3.455	1e-08
395	3.435	1e-08
396	3.435	1e-08
397	3.435	1e-08
398	3.435	1e-08
399	3.415	1e-08
400	3.395	1e-08
401	3.395	1e-08
402	3.385	1e-08
403	3.385	1e-08
404	3.385	1e-08
405	3.385	1e-08
406	3.375	1e-08
407	3.375	1e-08
408	3.375	1e-08
409	3.365	1e-08
410	3.355	1e-08
411	3.325	1e-08
412	3.325	1e-08
413	3.325	1e-08
414	3.315	1e-08
415	3.315	1e-08
416	3.315	1e-08
417	3.305	1e-08
418	3.305	1e-08
419	3.295	1e-08
420	3.295	1e-08
421	3.295	1e-08
422	3.295	1e-08
423	3.285	1e-08
424	3.285	1e-08
425	3.285	1e-08
426	3.285	1e-08
427	3.285	1e-08
428	3.275	1e-08
429	3.275	1e-08
430	3.275	1e-08
431	3.265	1e-08
432	3.265	1e-08
433	3.265	1e-08
434	3.265	1e-08
435	3.255	1e-08
436	3.255	1e-08
437	3.245	1e-08
438	3.245	1e-08
439	3.245	1e-08
440	3.235	1e-08
441	3.235	1e-08
442	3.235	1e-08
443	3.225	1e-08
444	3.225	1e-08
445	3.225	1e-08
446	3.225	1e-08
447	3.215	1e-08
448	3.215	1e-08
449	3.195	1e-08
450	3.195	1e-08
451	3.185	1e-08
452	3.185	1e-08
453	3.175	1e-08
454	3.175	1e-08
455	3.165	1e-08
456	3.165	1e-08
457	3.155	1e-08
458	3.155	1e-08
459	3.155	1e-08
460	3.145	1e-08
461	3.145	1e-08
462	3.145	1e-08
463	3.135	1e-08
464	3.135	1e-08
465	3.135	1e-08
466	3.135	1e-08
467	3.125	1e-08
468	3.125	1e-08
469	3.115	1e-08
470	3.115	1e-08
471	3.115	1e-08
472	3.115	1e-08
473	3.115	1e-08
474	3.105	1e-08
475	3.105	1e-08
476	3.105	1e-08
477	3.085	1e-08
478	3.085	1e-08
479	3.085	1e-08
480	3.075	1e-08
481	3.065	1e-08
482	3.065	1e-08
483	3.065	1e-08
484	3.055	1e-08
485	3.055	1e-08
486	3.055	1e-08
487	3.055	1e-08
488	3.045	1e-08
489	3.045	1e-08
490	3.045	1e-08
491	3.045	1e-08
492	3.035	1e-08
493	3.035	1e-08
494	3.035	1e-08
495	3.025	1e-08
496	3.025	1e-08
497	3.015	1e-08
498	3.015	1e-08
499	3.005	1e-08
500	2.985	1e-08
501	2.985	1e-08
502	2.985	1e-08
503	2.975	1e-08
504	2.965	1e-08
505	2.965	1e-08
506	2.965	1e-08
507	2.965	1e-08
508	2.955	1e-08
509	2.955	1e-08
510	2.945	1e-08
511	2.935	1e-08
512	2.935	1e-08
513	2.925	1e-08
514	2.925	1e-08
515	2.925	1e-08
516	2.915	1e-08
517	2.905	1e-08
518	2.905	1e-08
519	2.905	1e-08
520	2.905	1e-08
521	2.905	1e-08
522	2.895	1e-08
523	2.895	1e-08
524	2.895	1e-08
525	2.895	1e-08
526	2.885	1e-08
527	2.885	1e-08
528	2.875	1e-08
529	2.875	1e-08
530	2.875	1e-08
531	2.845	1e-08
532	2.835	1e-08
533	2.815	1e-08
534	2.815	1e-08
535	2.805	1e-08
536	2.805	1e-08
537	2.805	1e-08
538	2.795	1e-08
539	2.785	1e-08
540	2.765	1e-08
541	2.765	1e-08
542	2.765	1e-08
543	2.755	1e-08
544	2.755	1e-08
545	2.755	1e-08
546	2.745	1e-08
547	2.725	1e-08
548	2.715	1e-08
549	2.715	1e-08
550	2.705	1e-08
551	2.705	1e-08
552	2.695	1e-08
553	2.685	1e-08
554	2.685	1e-08
555	2.675	1e-08
556	2.675	1e-08
557	2.675	1e-08
558	2.655	1e-08
559	2.645	1e-08
560	2.625	1e-08
561	2.625	1e-08
562	2.625	1e-08
563	2.625	1e-08
564	2.625	1e-08
565	2.625	1e-08
566	2.615	1e-08
567	2.605	1e-08
568	2.595	1e-08
569	2.595	1e-08
570	2.595	1e-08
571	2.595	1e-08
572	2.595	1e-08
573	2.595	1e-08
574	2.595	1e-08
575	2.575	1e-08
576	2.575	1e-08
577	2.575	1e-08
578	2.575	1e-08
579	2.565	1e-08
580	2.555	1e-08
581	2.555	1e-08
582	2.555	1e-08
583	2.555	1e-08
584	2.555	1e-08
585	2.555	1e-08
586	2.555	1e-08
587	2.545	1e-08
588	2.545	1e-08
589	2.545	1e-08
590	2.535	1e-08
591	2.535	1e-08
592	2.525	1e-08
593	2.525	1e-08
594	2.525	1e-08
595	2.525	1e-08
596	2.515	1e-08
597	2.515	1e-08
598	2.505	1e-08
599	2.505	1e-08
600	2.505	1e-08
601	2.505	1e-08
602	2.495	1e-08
603	2.495	1e-08
604	2.495	1e-08
605	2.495	1e-08
606	2.495	1e-08
607	2.485	1e-08
608	2.485	1e-08
609	2.485	1e-08
610	2.485	1e-08
611	2.475	1e-08
612	2.475	1e-08
613	2.475	1e-08
614	2.475	1e-08
615	2.475	1e-08
616	2.465	1e-08
617	2.465	1e-08
618	2.465	1e-08
619	2.455	1e-08
620	2.455	1e-08
621	2.455	1e-08
622	2.445	1e-08
623	2.435	1e-08
624	2.435	1e-08
625	2.435	1e-08
626	2.425	1e-08
627	2.425	1e-08
628	2.425	1e-08
629	2.415	1e-08
630	2.415	1e-08
631	2.405	1e-08
632	2.395	1e-08
633	2.395	1e-08
634	2.395	1e-08
635	2.395	1e-08
636	2.395	1e-08
637	2.385	1e-08
638	2.385	1e-08
639	2.375	1e-08
640	2.365	1e-08
641	2.365	1e-08
642	2.355	1e-08
643	2.355	1e-08
644	2.355	1e-08
645	2.345	1e-08
646	2.345	1e-08
647	2.345	1e-08
648	2.335	1e-08
649	2.335	1e-08
650	2.335	1e-08
651	2.325	1e-08
652	2.325	1e-08
653	2.325	1e-08
654	2.325	1e-08
655	2.325	1e-08
656	2.315	1e-08
657	2.315	1e-08
658	2.315	1e-08
659	2.315	1e-08
660	2.305	1e-08
661	2.305	1e-08
662	2.295	1e-08
663	2.295	1e-08
664	2.285	1e-08
665	2.285	1e-08
666	2.275	1e-08
667	2.275	1e-08
668	2.275	1e-08
669	2.275	1e-08
670	2.275	1e-08
671	2.275	1e-08
672	2.275	1e-08
673	2.265	1e-08
674	2.265	1e-08
675	2.265	1e-08
676	2.265	1e-08
677	2.265	1e-08
678	2.255	1e-08
679	2.255	1e-08
680	2.255	1e-08
681	2.255	1e-08
682	2.245	1e-08
683	2.245	1e-08
684	2.245	1e-08
685	2.245	1e-08
686	2.245	1e-08
687	2.235	1e-08
688	2.235	1e-08
689	2.235	1e-08
690	2.235	1e-08
691	2.225	1e-08
692	2.225	1e-08
693	2.225	1e-08
694	2.215	1e-08
695	2.215	1e-08
696	2.205	1e-08
697	2.205	1e-08
698	2.205	1e-08
699	2.205	1e-08
700	2.205	1e-08
701	2.205	1e-08
702	2.205	1e-08
703	2.195	1e-08
704	2.195	1e-08
705	2.195	1e-08
706	2.185	1e-08
707	2.185	1e-08
708	2.175	1e-08
709	2.175	1e-08
710	2.175	1e-08
711	2.175	1e-08
712	2.175	1e-08
713	2.175	1e-08
714	2.175	1e-08
715	2.165	1e-08
716	2.165	1e-08
717	2.165	1e-08
718	2.165	1e-08
719	2.155	1e-08
720	2.155	1e-08
721	2.155	1e-08
722	2.155	1e-08
723	2.155	1e-08
724	2.145	1e-08
725	2.145	1e-08
726	2.135	1e-08
727	2.135	1e-08
728	2.135	1e-08
729	2.135	1e-08
730	2.135	1e-08
731	2.125	1e-08
732	2.125	1e-08
733	2.125	1e-08
734	2.115	1e-08
735	2.115	1e-08
736	2.115	1e-08
737	2.115	1e-08
738	2.105	1e-08
739	2.095	1e-08
740	2.085	1e-08
741	2.085	1e-08
742	2.075	1e-08
743	2.075	1e-08
744	2.075	1e-08
745	2.065	1e-08
746	2.055	1e-08
747	2.055	1e-08
748	2.055	1e-08
749	2.055	1e-08
750	2.045	1e-08
751	2.045	1e-08
752	2.045	1e-08
753	2.045	1e-08
754	2.045	1e-08
755	2.025	1e-08
756	2.025	1e-08
757	2.025	1e-08
758	2.015	1e-08
759	2.015	1e-08
760	2.015	1e-08
761	2.005	1e-08
762	2.005	1e-08
763	2.005	1e-08
764	1.995	1e-08
765	1.995	1e-08
766	1.985	1e-08
767	1.975	1e-08
768	1.975	1e-08
769	1.975	1e-08
770	1.965	1e-08
771	1.965	1e-08
772	1.965	1e-08
773	1.955	1e-08
774	1.955	1e-08
775	1.955	1e-08
776	1.955	1e-08
777	1.955	1e-08
778	1.945	1e-08
779	1.935	1e-08
780	1.935	1e-08
781	1.935	1e-08
782	1.925	1e-08
783	1.925	1e-08
784	1.925	1e-08
785	1.925	1e-08
786	1.925	1e-08
787	1.925	1e-08
788	1.925	1e-08
789	1.925	1e-08
790	1.915	1e-08
791	1.915	1e-08
792	1.905	1e-08
793	1.895	1e-08
794	1.895	1e-08
795	1.895	1e-08
796	1.895	1e-08
797	1.885	1e-08
798	1.885	1e-08
799	1.885	1e-08
800	1.885	1e-08
801	1.885	1e-08
802	1.875	1e-08
803	1.875	1e-08
804	1.875	1e-08
805	1.875	1e-08
806	1.865	1e-08
807	1.865	1e-08
808	1.865	1e-08
809	1.865	1e-08
810	1.855	1e-08
811	1.855	1e-08
812	1.855	1e-08
813	1.845	1e-08
814	1.845	1e-08
815	1.845	1e-08
816	1.845	1e-08
817	1.845	1e-08
818	1.845	1e-08
819	1.845	1e-08
820	1.845	1e-08
821	1.845	1e-08
822	1.835	1e-08
823	1.835	1e-08
824	1.835	1e-08
825	1.825	1e-08
826	1.825	1e-08
827	1.825	1e-08
828	1.815	1e-08
829	1.815	1e-08
830	1.815	1e-08
831	1.815	1e-08
832	1.805	1e-08
833	1.795	1e-08
834	1.795	1e-08
835	1.795	1e-08
836	1.785	1e-08
837	1.785	1e-08
838	1.785	1e-08
839	1.785	1e-08
840	1.775	1e-08
841	1.775	1e-08
842	1.775	1e-08
843	1.775	1e-08
844	1.775	1e-08
845	1.775	1e-08
846	1.765	1e-08
847	1.765	1e-08
848	1.755	1e-08
849	1.755	1e-08
850	1.755	1e-08
851	1.755	1e-08
852	1.745	1e-08
853	1.745	1e-08
854	1.745	1e-08
855	1.735	1e-08
856	1.735	1e-08
857	1.735	1e-08
858	1.735	1e-08
859	1.735	1e-08
860	1.735	1e-08
861	1.725	1e-08
862	1.725	1e-08
863	1.725	1e-08
864	1.715	1e-08
865	1.715	1e-08
866	1.705	1e-08
867	1.705	1e-08
868	1.705	1e-08
869	1.705	1e-08
870	1.705	1e-08
871	1.695	1e-08
872	1.695	1e-08
873	1.695	1e-08
874	1.695	1e-08
875	1.695	1e-08
876	1.685	1e-08
877	1.685	1e-08
878	1.675	1e-08
879	1.675	1e-08
880	1.675	1e-08
881	1.675	1e-08
882	1.675	1e-08
883	1.675	1e-08
884	1.675	1e-08
885	1.665	1e-08
886	1.665	1e-08
887	1.655	1e-08
888	1.655	1e-08
889	1.645	1e-08
890	1.645	1e-08
891	1.645	1e-08
892	1.645	1e-08
893	1.645	1e-08
894	1.645	1e-08
895	1.645	1e-08
896	1.645	1e-08
897	1.645	1e-08
898	1.635	1e-08
899	1.635	1e-08
900	1.635	1e-08
901	1.625	1e-08
902	1.625	1e-08
903	1.615	1e-08
904	1.615	1e-08
905	1.605	1e-08
906	1.605	1e-08
907	1.605	1e-08
908	1.605	1e-08
909	1.595	1e-08
910	1.595	1e-08
911	1.595	1e-08
912	1.595	1e-08
913	1.585	1e-08
914	1.585	1e-08
915	1.585	1e-08
916	1.575	1e-08
917	1.575	1e-08
918	1.565	1e-08
919	1.565	1e-08
920	1.565	1e-08
921	1.555	1e-08
922	1.555	1e-08
923	1.555	1e-08
924	1.545	1e-08
925	1.545	1e-08
926	1.545	1e-08
927	1.545	1e-08
928	1.545	1e-08
929	1.545	1e-08
930	1.545	1e-08
931	1.545	1e-08
932	1.535	1e-08
933	1.535	1e-08
934	1.525	1e-08
935	1.525	1e-08
936	1.525	1e-08
937	1.525	1e-08
938	1.525	1e-08
939	1.525	1e-08
940	1.515	1e-08
941	1.515	1e-08
942	1.515	1e-08
943	1.515	1e-08
944	1.515	1e-08
945	1.505	1e-08
946	1.505	1e-08
947	1.505	1e-08
948	1.505	1e-08
949	1.495	1e-08
950	1.495	1e-08
951	1.495	1e-08
952	1.495	1e-08
953	1.495	1e-08
954	1.485	1e-08
955	1.485	1e-08
956	1.485	1e-08
957	1.485	1e-08
958	1.485	1e-08
959	1.475	1e-08
960	1.475	1e-08
961	1.475	1e-08
962	1.475	1e-08
963	1.465	1e-08
964	1.465	1e-08
965	1.465	1e-08
966	1.465	1e-08
967	1.465	1e-08
968	1.455	1e-08
969	1.455	1e-08
970	1.455	1e-08
971	1.455	1e-08
972	1.455	1e-08
973	1.455	1e-08
974	1.455	1e-08
975	1.455	1e-08
976	1.455	1e-08
977	1.445	1e-08
978	1.445	1e-08
979	1.445	1e-08
980	1.445	1e-08
981	1.445	1e-08
982	1.445	1e-08
983	1.435	1e-08
984	1.435	1e-08
985	1.435	1e-08
986	1.425	1e-08
987	1.415	1e-08
988	1.415	1e-08
989	1.415	1e-08
990	1.405	1e-08
991	1.405	1e-08
992	1.405	1e-08
993	1.405	1e-08
994	1.405	1e-08
995	1.405	1e-08
996	1.405	1e-08
997	1.395	1e-08
998	1.395	1e-08
999	1.395	1e-08
1000	1.395	1e-08
1001	1.395	1e-08
1002	1.395	1e-08
1003	1.385	1e-08
1004	1.385	1e-08
1005	1.385	1e-08
1006	1.385	1e-08
1007	1.385	1e-08
1008	1.375	1e-08
1009	1.375	1e-08
1010	1.375	1e-08
1011	1.375	1e-08
1012	1.375	1e-08
1013	1.375	1e-08
1014	1.375	1e-08
1015	1.375	1e-08
1016	1.365	1e-08
1017	1.365	1e-08
1018	1.365	1e-08
1019	1.365	1e-08
1020	1.365	1e-08
1021	1.365	1e-08
1022	1.365	1e-08
1023	1.355	1e-08
1024	1.355	1e-08
1025	1.355	1e-08
1026	1.355	1e-08
1027	1.355	1e-08
1028	1.345	1e-08
1029	1.345	1e-08
1030	1.345	1e-08
1031	1.345	1e-08
1032	1.345	1e-08
1033	1.345	1e-08
1034	1.345	1e-08
1035	1.335	1e-08
1036	1.335	1e-08
1037	1.335	1e-08
1038	1.335	1e-08
1039	1.335	1e-08
1040	1.335	1e-08
1041	1.335	1e-08
1042	1.335	1e-08
1043	1.335	1e-08
1044	1.335	1e-08
1045	1.325	1e-08
1046	1.325	1e-08
1047	1.325	1e-08
1048	1.325	1e-08
1049	1.325	1e-08
1050	1.325	1e-08
1051	1.315	1e-08
1052	1.315	1e-08
1053	1.315	1e-08
1054	1.315	1e-08
1055	1.305	1e-08
1056	1.305	1e-08
1057	1.305	1e-08
1058	1.305	1e-08
1059	1.305	1e-08
1060	1.305	1e-08
1061	1.305	1e-08
1062	1.295	1e-08
1063	1.295	1e-08
1064	1.295	1e-08
1065	1.295	1e-08
1066	1.285	1e-08
1067	1.285	1e-08
1068	1.285	1e-08
1069	1.285	1e-08
1070	1.285	1e-08
1071	1.285	1e-08
1072	1.285	1e-08
1073	1.285	1e-08
1074	1.285	1e-08
1075	1.285	1e-08
1076	1.275	1e-08
1077	1.275	1e-08
1078	1.275	1e-08
1079	1.275	1e-08
1080	1.275	1e-08
1081	1.265	1e-08
1082	1.265	1e-08
1083	1.265	1e-08
1084	1.265	1e-08
1085	1.265	1e-08
1086	1.265	1e-08
1087	1.265	1e-08
1088	1.255	1e-08
1089	1.255	1e-08
1090	1.255	1e-08
1091	1.255	1e-08
1092	1.245	1e-08
1093	1.245	1e-08
1094	1.245	1e-08
1095	1.245	1e-08
1096	1.245	1e-08
1097	1.245	1e-08
1098	1.245	1e-08
1099	1.235	1e-08
1100	1.235	1e-08
1101	1.235	1e-08
1102	1.235	1e-08
1103	1.235	1e-08
1104	1.235	1e-08
1105	1.235	1e-08
1106	1.225	1e-08
1107	1.225	1e-08
1108	1.225	1e-08
1109	1.215	1e-08
1110	1.215	1e-08
1111	1.215	1e-08
1112	1.215	1e-08
1113	1.205	1e-08
1114	1.205	1e-08
1115	1.205	1e-08
1116	1.205	1e-08
1117	1.205	1e-08
1118	1.205	1e-08
1119	1.205	1e-08
1120	1.195	1e-08
1121	1.195	1e-08
1122	1.195	1e-08
1123	1.195	1e-08
1124	1.195	1e-08
1125	1.185	1e-08
1126	1.185	1e-08
1127	1.185	1e-08
1128	1.185	1e-08
1129	1.185	1e-08
1130	1.185	1e-08
1131	1.185	1e-08
1132	1.175	1e-08
1133	1.175	1e-08
1134	1.175	1e-08
1135	1.175	1e-08
1136	1.175	1e-08
1137	1.175	1e-08
1138	1.175	1e-08
1139	1.165	1e-08
1140	1.165	1e-08
1141	1.165	1e-08
1142	1.165	1e-08
1143	1.155	1e-08
1144	1.155	1e-08
1145	1.155	1e-08
1146	1.155	1e-08
1147	1.155	1e-08
1148	1.155	1e-08
1149	1.155	1e-08
1150	1.145	1e-08
1151	1.145	1e-08
1152	1.145	1e-08
1153	1.145	1e-08
1154	1.145	1e-08
1155	1.145	1e-08
1156	1.135	1e-08
1157	1.135	1e-08
1158	1.135	1e-08
1159	1.135	1e-08
1160	1.135	1e-08
1161	1.135	1e-08
1162	1.125	1e-08
1163	1.125	1e-08
1164	1.125	1e-08
1165	1.125	1e-08
1166	1.125	1e-08
1167	1.125	1e-08
1168	1.115	1e-08
1169	1.115	1e-08
1170	1.115	1e-08
1171	1.115	1e-08
1172	1.115	1e-08
1173	1.115	1e-08
1174	1.105	1e-08
1175	1.105	1e-08
1176	1.105	1e-08
1177	1.105	1e-08
1178	1.105	1e-08
1179	1.105	1e-08
1180	1.105	1e-08
1181	1.105	1e-08
1182	1.095	1e-08
1183	1.095	1e-08
1184	1.095	1e-08
1185	1.095	1e-08
1186	1.095	1e-08
1187	1.085	1e-08
1188	1.085	1e-08
1189	1.085	1e-08
1190	1.085	1e-08
1191	1.085	1e-08
1192	1.085	1e-08
1193	1.085	1e-08
1194	1.075	1e-08
1195	1.075	1e-08
1196	1.075	1e-08
1197	1.075	1e-08
1198	1.075	1e-08
1199	1.075	1e-08
1200	1.075	1e-08
1201	1.065	1e-08
1202	1.065	1e-08
1203	1.065	1e-08
1204	1.065	1e-08
1205	1.065	1e-08
1206	1.055	1e-08
1207	1.055	1e-08
1208	1.055	1e-08
1209	1.055	1e-08
1210	1.045	1e-08
1211	1.045	1e-08
1212	1.045	1e-08
1213	1.045	1e-08
1214	1.045	1e-08
1215	1.045	1e-08
1216	1.035	1e-08
1217	1.035	1e-08
1218	1.035	1e-08
1219	1.035	1e-08
1220	1.035	1e-08
1221	1.035	1e-08
1222	1.025	1e-08
1223	1.025	1e-08
1224	1.025	1e-08
1225	1.015	1e-08
1226	1.015	1e-08
1227	1.015	1e-08
1228	1.015	1e-08
1229	1.005	1e-08
1230	1.005	1e-08
1231	1.005	1e-08
1232	1.005	1e-08
1233	1.005	1e-08
1234	0.995	1e-08
1235	0.995	1e-08
1236	0.995	1e-08
1237	0.995	1e-08
1238	0.995	1e-08
1239	0.995	1e-08
1240	0.995	1e-08
1241	0.995	1e-08
1242	0.985	1e-08
1243	0.985	1e-08
1244	0.985	1e-08
1245	0.985	1e-08
1246	0.985	1e-08
1247	0.985	1e-08
1248	0.985	1e-08
1249	0.985	1e-08
1250	0.975	1e-08
1251	0.975	1e-08
1252	0.975	1e-08
1253	0.975	1e-08
1254	0.975	1e-08
1255	0.975	1e-08
1256	0.975	1e-08
1257	0.965	1e-08
1258	0.965	1e-08
1259	0.965	1e-08
1260	0.955	1e-08
1261	0.955	1e-08
1262	0.955	1e-08
1263	0.955	1e-08
1264	0.955	1e-08
1265	0.955	1e-08
1266	0.955	1e-08
1267	0.945	1e-08
1268	0.945	1e-08
1269	0.945	1e-08
1270	0.945	1e-08
1271	0.945	1e-08
1272	0.945	1e-08
1273	0.935	1e-08
1274	0.935	1e-08
1275	0.935	1e-08
1276	0.935	1e-08
1277	0.935	1e-08
1278	0.925	1e-08
1279	0.925	1e-08
1280	0.925	1e-08
1281	0.925	1e-08
1282	0.925	1e-08
1283	0.925	1e-08
1284	0.925	1e-08
1285	0.925	1e-08
1286	0.925	1e-08
1287	0.915	1e-08
1288	0.915	1e-08
1289	0.915	1e-08
1290	0.915	1e-08
1291	0.905	1e-08
1292	0.905	1e-08
1293	0.905	1e-08
1294	0.905	1e-08
1295	0.905	1e-08
1296	0.905	1e-08
1297	0.905	1e-08
1298	0.905	1e-08
1299	0.905	1e-08
1300	0.905	1e-08
1301	0.895	1e-08
1302	0.895	1e-08
1303	0.895	1e-08
1304	0.895	1e-08
1305	0.895	1e-08
1306	0.895	1e-08
1307	0.895	1e-08
1308	0.895	1e-08
1309	0.885	1e-08
1310	0.885	1e-08
1311	0.875	1e-08
1312	0.875	1e-08
1313	0.875	1e-08
1314	0.875	1e-08
1315	0.875	1e-08
1316	0.875	1e-08
1317	0.875	1e-08
1318	0.865	1e-08
1319	0.865	1e-08
1320	0.865	1e-08
1321	0.855	1e-08
1322	0.855	1e-08
1323	0.855	1e-08
1324	0.855	1e-08
1325	0.855	1e-08
1326	0.845	1e-08
1327	0.845	1e-08
1328	0.845	1e-08
1329	0.835	1e-08
1330	0.835	1e-08
1331	0.835	1e-08
1332	0.835	1e-08
1333	0.835	1e-08
1334	0.825	1e-08
1335	0.825	1e-08
1336	0.825	1e-08
1337	0.825	1e-08
1338	0.825	1e-08
1339	0.825	1e-08
1340	0.825	1e-08
1341	0.815	1e-08
1342	0.815	1e-08
1343	0.815	1e-08
1344	0.815	1e-08
1345	0.815	1e-08
1346	0.815	1e-08
1347	0.815	1e-08
1348	0.815	1e-08
1349	0.805	1e-08
1350	0.805	1e-08
1351	0.805	1e-08
1352	0.805	1e-08
1353	0.805	1e-08
1354	0.805	1e-08
1355	0.805	1e-08
1356	0.795	1e-08
1357	0.795	1e-08
1358	0.795	1e-08
1359	0.795	1e-08
1360	0.795	1e-08
1361	0.785	1e-08
1362	0.785	1e-08
1363	0.785	1e-08
1364	0.785	1e-08
1365	0.785	1e-08
1366	0.785	1e-08
1367	0.785	1e-08
1368	0.775	1e-08
1369	0.775	1e-08
1370	0.775	1e-08
1371	0.775	1e-08
1372	0.775	1e-08
1373	0.775	1e-08
1374	0.775	1e-08
1375	0.765	1e-08
1376	0.765	1e-08
1377	0.765	1e-08
1378	0.765	1e-08
1379	0.755	1e-08
1380	0.755	1e-08
1381	0.755	1e-08
1382	0.755	1e-08
1383	0.755	1e-08
1384	0.755	1e-08
1385	0.745	1e-08
1386	0.745	1e-08
1387	0.735	1e-08
1388	0.735	1e-08
1389	0.735	1e-08
1390	0.735	1e-08
1391	0.735	1e-08
1392	0.725	1e-08
1393	0.725	1e-08
1394	0.725	1e-08
1395	0.725	1e-08
1396	0.725	1e-08
1397	0.715	1e-08
1398	0.715	1e-08
1399	0.715	1e-08
1400	0.715	1e-08
1401	0.715	1e-08
1402	0.715	1e-08
1403	0.715	1e-08
1404	0.715	1e-08
1405	0.715	1e-08
1406	0.705	1e-08
1407	0.705	1e-08
1408	0.705	1e-08
1409	0.705	1e-08
1410	0.705	1e-08
1411	0.705	1e-08
1412	0.695	1e-08
1413	0.695	1e-08
1414	0.695	1e-08
1415	0.685	1e-08
1416	0.685	1e-08
1417	0.685	1e-08
1418	0.685	1e-08
1419	0.685	1e-08
1420	0.685	1e-08
1421	0.675	1e-08
1422	0.675	1e-08
1423	0.675	1e-08
1424	0.675	1e-08
1425	0.675	1e-08
1426	0.675	1e-08
1427	0.675	1e-08
1428	0.675	1e-08
1429	0.665	1e-08
1430	0.665	1e-08
1431	0.665	1e-08
1432	0.665	1e-08
1433	0.665	1e-08
1434	0.665	1e-08
1435	0.665	1e-08
1436	0.655	1e-08
1437	0.655	1e-08
1438	0.655	1e-08
1439	0.655	1e-08
1440	0.655	1e-08
1441	0.655	1e-08
1442	0.655	1e-08
1443	0.655	1e-08
1444	0.655	1e-08
1445	0.645	1e-08
1446	0.645	1e-08
1447	0.645	1e-08
1448	0.645	1e-08
1449	0.645	1e-08
1450	0.635	1e-08
1451	0.635	1e-08
1452	0.635	1e-08
1453	0.635	1e-08
1454	0.635	1e-08
1455	0.635	1e-08
1456	0.635	1e-08
1457	0.635	1e-08
1458	0.635	1e-08
1459	0.625	1e-08
1460	0.625	1e-08
1461	0.625	1e-08
1462	0.625	1e-08
1463	0.625	1e-08
1464	0.625	1e-08
1465	0.615	1e-08
1466	0.615	1e-08
1467	0.615	1e-08
1468	0.605	1e-08
1469	0.605	1e-08
1470	0.605	1e-08
1471	0.605	1e-08
1472	0.605	1e-08
1473	0.595	1e-08
1474	0.595	1e-08
1475	0.595	1e-08
1476	0.595	1e-08
1477	0.595	1e-08
1478	0.595	1e-08
1479	0.595	1e-08
1480	0.595	1e-08
1481	0.585	1e-08
1482	0.585	1e-08
1483	0.585	1e-08
1484	0.585	1e-08
1485	0.585	1e-08
1486	0.585	1e-08
1487	0.585	1e-08
1488	0.575	1e-08
1489	0.575	1e-08
1490	0.575	1e-08
1491	0.575	1e-08
1492	0.575	1e-08
1493	0.575	1e-08
1494	0.575	1e-08
1495	0.575	1e-08
1496	0.575	1e-08
1497	0.565	1e-08
1498	0.565	1e-08
1499	0.565	1e-08
1500	0.555	1e-08
1501	0.555	1e-08
1502	0.555	1e-08
1503	0.555	1e-08
1504	0.555	1e-08
1505	0.555	1e-08
1506	0.555	1e-08
1507	0.555	1e-08
1508	0.555	1e-08
1509	0.555	1e-08
1510	0.545	1e-08
1511	0.545	1e-08
1512	0.545	1e-08
1513	0.545	1e-08
1514	0.535	1e-08
1515	0.535	1e-08
1516	0.535	1e-08
1517	0.535	1e-08
1518	0.525	1e-08
1519	0.525	1e-08
1520	0.525	1e-08
1521	0.525	1e-08
1522	0.525	1e-08
1523	0.525	1e-08
1524	0.525	1e-08
1525	0.525	1e-08
1526	0.515	1e-08
1527	0.515	1e-08
1528	0.515	1e-08
1529	0.515	1e-08
1530	0.515	1e-08
1531	0.515	1e-08
1532	0.515	1e-08
1533	0.515	1e-08
1534	0.515	1e-08
1535	0.505	1e-08
1536	0.505	1e-08
1537	0.505	1e-08
1538	0.505	1e-08
1539	0.505	1e-08
1540	0.505	1e-08
1541	0.505	1e-08
1542	0.505	1e-08
1543	0.495	1e-08
1544	0.495	1e-08
1545	0.495	1e-08
1546	0.495	1e-08
1547	0.495	1e-08
1548	0.495	1e-08
1549	0.495	1e-08
1550	0.485	1e-08
1551	0.485	1e-08
1552	0.485	1e-08
1553	0.485	1e-08
1554	0.485	1e-08
1555	0.485	1e-08
1556	0.475	1e-08
1557	0.475	1e-08
1558	0.465	1e-08
1559	0.465	1e-08
1560	0.465	1e-08
1561	0.465	1e-08
1562	0.465	1e-08
1563	0.465	1e-08
1564	0.465	1e-08
1565	0.465	1e-08
1566	0.455	1e-08
1567	0.455	1e-08
1568	0.455	1e-08
1569	0.455	1e-08
1570	0.455	1e-08
1571	0.455	1e-08
1572	0.455	1e-08
1573	0.445	1e-08
1574	0.445	1e-08
1575	0.445	1e-08
1576	0.445	1e-08
1577	0.445	1e-08
1578	0.445	1e-08
1579	0.445	1e-08
1580	0.445	1e-08
1581	0.445	1e-08
1582	0.445	1e-08
1583	0.445	1e-08
1584	0.445	1e-08
1585	0.435	1e-08
1586	0.435	1e-08
1587	0.435	1e-08
1588	0.435	1e-08
1589	0.435	1e-08
1590	0.435	1e-08
1591	0.425	1e-08
1592	0.425	1e-08
1593	0.425	1e-08
1594	0.425	1e-08
1595	0.425	1e-08
1596	0.425	1e-08
1597	0.425	1e-08
1598	0.425	1e-08
1599	0.425	1e-08
1600	0.425	1e-08
1601	0.425	1e-08
1602	0.415	1e-08
1603	0.415	1e-08
1604	0.415	1e-08
1605	0.415	1e-08
1606	0.415	1e-08
1607	0.405	1e-08
1608	0.405	1e-08
1609	0.405	1e-08
1610	0.405	1e-08
1611	0.405	1e-08
1612	0.405	1e-08
1613	0.405	1e-08
1614	0.395	1e-08
1615	0.395	1e-08
1616	0.395	1e-08
1617	0.395	1e-08
1618	0.395	1e-08
1619	0.395	1e-08
1620	0.395	1e-08
1621	0.395	1e-08
1622	0.395	1e-08
1623	0.385	1e-08
1624	0.385	1e-08
1625	0.385	1e-08
1626	0.385	1e-08
1627	0.385	1e-08
1628	0.385	1e-08
1629	0.385	1e-08
1630	0.375	1e-08
1631	0.375	1e-08
1632	0.375	1e-08
1633	0.375	1e-08
1634	0.375	1e-08
1635	0.375	1e-08
1636	0.375	1e-08
1637	0.375	1e-08
1638	0.375	1e-08
1639	0.375	1e-08
1640	0.375	1e-08
1641	0.375	1e-08
1642	0.375	1e-08
1643	0.375	1e-08
1644	0.375	1e-08
1645	0.365	1e-08
1646	0.365	1e-08
1647	0.365	1e-08
1648	0.365	1e-08
1649	0.365	1e-08
1650	0.365	1e-08
1651	0.365	1e-08
1652	0.365	1e-08
1653	0.365	1e-08
1654	0.365	1e-08
1655	0.355	1e-08
1656	0.355	1e-08
1657	0.355	1e-08
1658	0.355	1e-08
1659	0.355	1e-08
1660	0.355	1e-08
1661	0.355	1e-08
1662	0.355	1e-08
1663	0.355	1e-08
1664	0.355	1e-08
1665	0.355	1e-08
1666	0.345	1e-08
1667	0.345	1e-08
1668	0.345	1e-08
1669	0.345	1e-08
1670	0.345	1e-08
1671	0.345	1e-08
1672	0.335	1e-08
1673	0.335	1e-08
1674	0.335	1e-08
1675	0.335	1e-08
1676	0.335	1e-08
1677	0.335	1e-08
1678	0.335	1e-08
1679	0.335	1e-08
1680	0.335	1e-08
1681	0.325	1e-08
1682	0.325	1e-08
1683	0.325	1e-08
1684	0.325	1e-08
1685	0.325	1e-08
1686	0.325	1e-08
1687	0.315	1e-08
1688	0.315	1e-08
1689	0.315	1e-08
1690	0.315	1e-08
1691	0.315	1e-08
1692	0.315	1e-08
1693	0.315	1e-08
1694	0.315	1e-08
1695	0.305	1e-08
1696	0.305	1e-08
1697	0.305	1e-08
1698	0.305	1e-08
1699	0.305	1e-08
1700	0.305	1e-08
1701	0.305	1e-08
1702	0.305	1e-08
1703	0.295	1e-08
1704	0.295	1e-08
1705	0.295	1e-08
1706	0.295	1e-08
1707	0.295	1e-08
1708	0.295	1e-08
1709	0.295	1e-08
1710	0.285	1e-08
1711	0.285	1e-08
1712	0.285	1e-08
1713	0.285	1e-08
1714	0.285	1e-08
1715	0.285	1e-08
1716	0.285	1e-08
1717	0.285	1e-08
1718	0.275	1e-08
1719	0.275	1e-08
1720	0.265	1e-08
1721	0.265	1e-08
1722	0.265	1e-08
1723	0.265	1e-08
1724	0.265	1e-08
1725	0.265	1e-08
1726	0.265	1e-08
1727	0.265	1e-08
1728	0.265	1e-08
1729	0.255	1e-08
1730	0.255	1e-08
1731	0.255	1e-08
1732	0.255	1e-08
1733	0.255	1e-08
1734	0.255	1e-08
1735	0.255	1e-08
1736	0.255	1e-08
1737	0.245	1e-08
1738	0.245	1e-08
1739	0.245	1e-08
1740	0.245	1e-08
1741	0.245	1e-08
1742	0.245	1e-08
1743	0.245	1e-08
1744	0.245	1e-08
1745	0.245	1e-08
1746	0.245	1e-08
1747	0.245	1e-08
1748	0.235	1e-08
1749	0.235	1e-08
1750	0.235	1e-08
1751	0.235	1e-08
1752	0.235	1e-08
1753	0.235	1e-08
1754	0.235	1e-08
1755	0.235	1e-08
1756	0.235	1e-08
1757	0.235	1e-08
1758	0.235	1e-08
1759	0.225	1e-08
1760	0.225	1e-08
1761	0.225	1e-08
1762	0.225	1e-08
1763	0.225	1e-08
1764	0.225	1e-08
1765	0.225	1e-08
1766	0.225	1e-08
1767	0.225	1e-08
1768	0.225	1e-08
1769	0.225	1e-08
1770	0.225	1e-08
1771	0.215	1e-08
1772	0.215	1e-08
1773	0.215	1e-08
1774	0.215	1e-08
1775	0.215	1e-08
1776	0.215	1e-08
1777	0.215	1e-08
1778	0.205	1e-08
1779	0.205	1e-08
1780	0.205	1e-08
1781	0.205	1e-08
1782	0.205	1e-08
1783	0.205	1e-08
1784	0.205	1e-08
1785	0.205	1e-08
1786	0.205	1e-08
1787	0.205	1e-08
1788	0.195	1e-08
1789	0.195	1e-08
1790	0.195	1e-08
1791	0.195	1e-08
1792	0.195	1e-08
1793	0.195	1e-08
1794	0.185	1e-08
1795	0.185	1e-08
1796	0.185	1e-08
1797	0.185	1e-08
1798	0.185	1e-08
1799	0.185	1e-08
1800	0.185	1e-08
1801	0.185	1e-08
1802	0.185	1e-08
1803	0.185	1e-08
1804	0.185	1e-08
1805	0.175	1e-08
1806	0.175	1e-08
1807	0.175	1e-08
1808	0.175	1e-08
1809	0.175	1e-08
1810	0.175	1e-08
1811	0.175	1e-08
1812	0.175	1e-08
1813	0.165	1e-08
1814	0.165	1e-08
1815	0.165	1e-08
1816	0.165	1e-08
1817	0.165	1e-08
1818	0.165	1e-08
1819	0.165	1e-08
1820	0.165	1e-08
1821	0.165	1e-08
1822	0.155	1e-08
1823	0.155	1e-08
1824	0.155	1e-08
1825	0.155	1e-08
1826	0.155	1e-08
1827	0.155	1e-08
1828	0.155	1e-08
1829	0.155	1e-08
1830	0.155	1e-08
1831	0.155	1e-08
1832	0.145	1e-08
1833	0.145	1e-08
1834	0.145	1e-08
1835	0.145	1e-08
1836	0.145	1e-08
1837	0.145	1e-08
1838	0.145	1e-08
1839	0.145	1e-08
1840	0.145	1e-08
1841	0.135	1e-08
1842	0.135	1e-08
1843	0.135	1e-08
1844	0.135	1e-08
1845	0.135	1e-08
1846	0.135	1e-08
1847	0.135	1e-08
1848	0.135	1e-08
1849	0.135	1e-08
1850	0.125	1e-08
1851	0.125	1e-08
1852	0.125	1e-08
1853	0.125	1e-08
1854	0.125	1e-08
1855	0.125	1e-08
1856	0.125	1e-08
1857	0.125	1e-08
1858	0.125	1e-08
1859	0.115	1e-08
1860	0.115	1e-08
1861	0.115	1e-08
1862	0.115	1e-08
1863	0.115	1e-08
1864	0.115	1e-08
1865	0.115	1e-08
1866	0.115	1e-08
1867	0.105	1e-08
1868	0.105	1e-08
1869	0.105	1e-08
1870	0.105	1e-08
1871	0.105	1e-08
1872	0.105	1e-08
1873	0.105	1e-08
1874	0.105	1e-08
1875	0.105	1e-08
1876	0.105	1e-08
1877	0.105	1e-08
1878	0.105	1e-08
1879	0.105	1e-08
1880	0.105	1e-08
1881	0.095	1e-08
1882	0.095	1e-08
1883	0.095	1e-08
1884	0.095	1e-08
1885	0.095	1e-08
1886	0.095	1e-08
1887	0.095	1e-08
1888	0.085	1e-08
1889	0.085	1e-08
1890	0.085	1e-08
1891	0.085	1e-08
1892	0.085	1e-08
1893	0.085	1e-08
1894	0.085	1e-08
1895	0.085	1e-08
1896	0.085	1e-08
1897	0.085	1e-08
1898	0.085	1e-08
1899	0.085	1e-08
1900	0.085	1e-08
1901	0.075	1e-08
1902	0.075	1e-08
1903	0.075	1e-08
1904	0.075	1e-08
1905	0.075	1e-08
1906	0.075	1e-08
1907	0.075	1e-08
1908	0.075	1e-08
1909	0.075	1e-08
1910	0.075	1e-08
1911	0.075	1e-08
1912	0.065	1e-08
1913	0.065	1e-08
1914	0.065	1e-08
1915	0.065	1e-08
1916	0.065	1e-08
1917	0.065	1e-08
1918	0.055	1e-08
1919	0.055	1e-08
1920	0.055	1e-08
1921	0.055	1e-08
1922	0.055	1e-08
1923	0.055	1e-08
1924	0.055	1e-08
1925	0.055	1e-08
1926	0.055	1e-08
1927	0.055	1e-08
1928	0.055	1e-08
1929	0.055	1e-08
1930	0.055	1e-08
1931	0.045	1e-08
1932	0.045	1e-08
1933	0.045	1e-08
1934	0.045	1e-08
1935	0.045	1e-08
1936	0.045	1e-08
1937	0.045	1e-08
1938	0.045	1e-08
1939	0.045	1e-08
1940	0.045	1e-08
1941	0.045	1e-08
1942	0.035	1e-08
1943	0.035	1e-08
1944	0.035	1e-08
1945	0.035	1e-08
1946	0.035	1e-08
1947	0.035	1e-08
1948	0.035	1e-08
1949	0.025	1e-08
1950	0.025	1e-08
1951	0.025	1e-08
1952	0.025	1e-08
1953	0.025	1e-08
1954	0.025	1e-08
1955	0.025	1e-08
1956	0.025	1e-08
1957	0.025	1e-08
1958	0.015	1e-08
1959	0.015	1e-08
1960	0.015	1e-08
1961	0.015	1e-08
