0	5.5	5e-10
1	3.0	5e-10
2	0.5	5e-10
3	-1.0	5e-10
4	-1.0	5e-10
5	-1.0	5e-10
6	-1.0	5e-10
7	-1.0	5e-10
8	-1.0	5e-10
9	-1.5	5e-10
10	-1.5	5e-10
11	-2.0	5e-10
12	-2.0	5e-10
13	-2.0	5e-10
14	-2.0	5e-10
15	-2.0	5e-10
16	-2.0	5e-10
17	-2.5	5e-10
18	-2.5	5e-10
19	-2.5	5e-10
20	-2.5	5e-10
21	-2.5	5e-10
22	-2.5	5e-10
23	-2.5	5e-10
24	-2.5	5e-10
25	-2.5	5e-10
26	-2.5	5e-10
27	-2.5	5e-10
28	-2.5	5e-10
29	-2.5	5e-10
30	-2.5	5e-10
31	-2.5	5e-10
32	-2.5	5e-10
33	-2.5	5e-10
34	-2.5	5e-10
35	-2.5	5e-10
36	-3.0	5e-10
37	-3.0	5e-10
38	-3.0	5e-10
39	-3.0	5e-10
40	-3.0	5e-10
41	-3.0	5e-10
42	-3.0	5e-10
43	-3.0	5e-10
44	-3.0	5e-10
45	-3.0	5e-10
46	-3.0	5e-10
47	-3.0	5e-10
48	-3.0	5e-10
49	-3.0	5e-10
50	-3.0	5e-10
51	-3.0	5e-10
52	-3.0	5e-10
53	-3.0	5e-10
54	-3.0	5e-10
55	-3.5	5e-10
56	-3.5	5e-10
57	-3.5	5e-10
58	-3.5	5e-10
59	-3.5	5e-10
60	-3.5	5e-10
61	-3.5	5e-10
62	-3.5	5e-10
63	-3.5	5e-10
64	-3.5	5e-10
65	-3.5	5e-10
66	-3.5	5e-10
67	-3.5	5e-10
68	-3.5	5e-10
69	-3.5	5e-10
70	-3.5	5e-10
71	-3.5	5e-10
72	-3.5	5e-10
73	-3.5	5e-10
74	-3.5	5e-10
75	-3.5	5e-10
76	-3.5	5e-10
77	-3.5	5e-10
78	-3.5	5e-10
79	-3.5	5e-10
80	-3.5	5e-10
81	-3.5	5e-10
82	-3.5	5e-10
83	-3.5	5e-10
84	-3.5	5e-10
85	-3.5	5e-10
86	-3.5	5e-10
87	-3.5	5e-10
88	-3.5	5e-10
89	-4.0	5e-10
90	-4.0	5e-10
91	-4.0	5e-10
92	-4.0	5e-10
93	-4.0	5e-10
94	-4.0	5e-10
95	-4.0	5e-10
96	-4.0	5e-10
97	-4.0	5e-10
98	-4.0	5e-10
99	-4.0	5e-10
100	-4.0	5e-10
101	-4.0	5e-10
102	-4.0	5e-10
103	-4.0	5e-10
104	-4.0	5e-10
105	-4.0	5e-10
106	-4.0	5e-10
107	-4.0	5e-10
108	-4.0	5e-10
109	-4.0	5e-10
110	-4.0	5e-10
111	-4.0	5e-10
112	-4.0	5e-10
113	-4.0	5e-10
114	-4.0	5e-10
115	-4.0	5e-10
116	-4.0	5e-10
117	-4.0	5e-10
118	-4.0	5e-10
119	-4.0	5e-10
120	-4.0	5e-10
121	-4.0	5e-10
122	-4.0	5e-10
123	-4.0	5e-10
124	-4.0	5e-10
125	-4.0	5e-10
126	-4.0	5e-10
127	-4.0	5e-10
128	-4.0	5e-10
129	-4.0	5e-10
130	-4.0	5e-10
131	-4.0	5e-10
132	-4.0	5e-10
133	-4.5	5e-10
134	-4.5	5e-10
135	-4.5	5e-10
136	-4.5	5e-10
137	-4.5	5e-10
138	-4.5	5e-10
139	-4.5	5e-10
140	-4.5	5e-10
141	-4.5	5e-10
142	-4.5	5e-10
143	-4.5	5e-10
144	-4.5	5e-10
145	-4.5	5e-10
146	-4.5	5e-10
147	-4.5	5e-10
148	-4.5	5e-10
149	-4.5	5e-10
150	-4.5	5e-10
151	-4.5	5e-10
152	-4.5	5e-10
153	-4.5	5e-10
154	-4.5	5e-10
155	-4.5	5e-10
156	-4.5	5e-10
157	-4.5	5e-10
158	-4.5	5e-10
159	-4.5	5e-10
160	-4.5	5e-10
161	-4.5	5e-10
162	-4.5	5e-10
163	-4.5	5e-10
164	-4.5	5e-10
165	-4.5	5e-10
166	-4.5	5e-10
167	-4.5	5e-10
168	-4.5	5e-10
169	-4.5	5e-10
170	-4.5	5e-10
171	-4.5	5e-10
172	-4.5	5e-10
173	-4.5	5e-10
174	-4.5	5e-10
175	-4.5	5e-10
176	-4.5	5e-10
177	-4.5	5e-10
178	-4.5	5e-10
179	-4.5	5e-10
180	-4.5	5e-10
181	-4.5	5e-10
182	-4.5	5e-10
183	-4.5	5e-10
184	-4.5	5e-10
185	-4.5	5e-10
186	-4.5	5e-10
187	-4.5	5e-10
188	-4.5	5e-10
189	-4.5	5e-10
190	-4.5	5e-10
191	-4.5	5e-10
192	-4.5	5e-10
193	-4.5	5e-10
194	-4.5	5e-10
195	-4.5	5e-10
196	-4.5	5e-10
197	-4.5	5e-10
198	-4.5	5e-10
199	-4.5	5e-10
200	-5.0	5e-10
201	-5.0	5e-10
202	-5.0	5e-10
203	-5.0	5e-10
204	-5.0	5e-10
205	-5.0	5e-10
206	-5.0	5e-10
207	-5.0	5e-10
208	-5.0	5e-10
209	-5.0	5e-10
210	-5.0	5e-10
211	-5.0	5e-10
212	-5.0	5e-10
213	-5.0	5e-10
214	-5.0	5e-10
215	-5.0	5e-10
216	-5.0	5e-10
217	-5.0	5e-10
218	-5.0	5e-10
219	-5.0	5e-10
220	-5.0	5e-10
221	-5.0	5e-10
222	-5.0	5e-10
223	-5.0	5e-10
224	-5.0	5e-10
225	-5.0	5e-10
226	-5.0	5e-10
227	-5.0	5e-10
228	-5.0	5e-10
229	-5.0	5e-10
230	-5.0	5e-10
231	-5.0	5e-10
232	-5.0	5e-10
233	-5.0	5e-10
234	-5.0	5e-10
235	-5.0	5e-10
236	-5.0	5e-10
237	-5.0	5e-10
238	-5.0	5e-10
239	-5.0	5e-10
240	-5.0	5e-10
241	-5.0	5e-10
242	-5.0	5e-10
243	-5.0	5e-10
244	-5.0	5e-10
245	-5.0	5e-10
246	-5.0	5e-10
247	-5.0	5e-10
248	-5.0	5e-10
249	-5.0	5e-10
250	-5.0	5e-10
251	-5.0	5e-10
252	-5.0	5e-10
253	-5.0	5e-10
254	-5.0	5e-10
255	-5.0	5e-10
256	-5.0	5e-10
257	-5.0	5e-10
258	-5.0	5e-10
259	-5.0	5e-10
260	-5.0	5e-10
261	-5.0	5e-10
262	-5.0	5e-10
263	-5.0	5e-10
264	-5.0	5e-10
265	-5.0	5e-10
266	-5.5	5e-10
267	-5.5	5e-10
268	-5.5	5e-10
269	-5.5	5e-10
270	-5.5	5e-10
271	-5.5	5e-10
272	-5.5	5e-10
273	-5.5	5e-10
274	-5.5	5e-10
275	-5.5	5e-10
276	-5.5	5e-10
277	-5.5	5e-10
278	-5.5	5e-10
279	-5.5	5e-10
280	-5.5	5e-10
281	-5.5	5e-10
282	-5.5	5e-10
283	-5.5	5e-10
284	-5.5	5e-10
285	-5.5	5e-10
286	-5.5	5e-10
287	-5.5	5e-10
288	-5.5	5e-10
289	-5.5	5e-10
290	-5.5	5e-10
291	-5.5	5e-10
292	-5.5	5e-10
293	-5.5	5e-10
294	-5.5	5e-10
295	-5.5	5e-10
296	-5.5	5e-10
297	-5.5	5e-10
298	-5.5	5e-10
299	-5.5	5e-10
300	-5.5	5e-10
301	-5.5	5e-10
302	-5.5	5e-10
303	-5.5	5e-10
304	-5.5	5e-10
305	-5.5	5e-10
306	-5.5	5e-10
307	-5.5	5e-10
308	-5.5	5e-10
309	-5.5	5e-10
310	-5.5	5e-10
311	-5.5	5e-10
312	-5.5	5e-10
313	-5.5	5e-10
314	-5.5	5e-10
315	-5.5	5e-10
316	-5.5	5e-10
317	-5.5	5e-10
318	-5.5	5e-10
319	-5.5	5e-10
320	-5.5	5e-10
321	-5.5	5e-10
322	-5.5	5e-10
323	-5.5	5e-10
324	-5.5	5e-10
325	-5.5	5e-10
326	-5.5	5e-10
327	-5.5	5e-10
328	-5.5	5e-10
329	-5.5	5e-10
330	-5.5	5e-10
331	-5.5	5e-10
332	-5.5	5e-10
333	-5.5	5e-10
334	-5.5	5e-10
335	-5.5	5e-10
336	-5.5	5e-10
337	-5.5	5e-10
338	-5.5	5e-10
339	-5.5	5e-10
340	-5.5	5e-10
341	-5.5	5e-10
342	-5.5	5e-10
343	-5.5	5e-10
344	-5.5	5e-10
345	-5.5	5e-10
346	-5.5	5e-10
347	-5.5	5e-10
348	-5.5	5e-10
349	-5.5	5e-10
350	-5.5	5e-10
351	-5.5	5e-10
352	-5.5	5e-10
353	-5.5	5e-10
354	-5.5	5e-10
355	-5.5	5e-10
356	-5.5	5e-10
357	-5.5	5e-10
358	-5.5	5e-10
359	-5.5	5e-10
360	-5.5	5e-10
361	-5.5	5e-10
362	-5.5	5e-10
363	-5.5	5e-10
364	-6.0	5e-10
365	-6.0	5e-10
366	-6.0	5e-10
367	-6.0	5e-10
368	-6.0	5e-10
369	-6.0	5e-10
370	-6.0	5e-10
371	-6.0	5e-10
372	-6.0	5e-10
373	-6.0	5e-10
374	-6.0	5e-10
375	-6.0	5e-10
376	-6.0	5e-10
377	-6.0	5e-10
378	-6.0	5e-10
379	-6.0	5e-10
380	-6.0	5e-10
381	-6.0	5e-10
382	-6.0	5e-10
383	-6.0	5e-10
384	-6.0	5e-10
385	-6.0	5e-10
386	-6.0	5e-10
387	-6.0	5e-10
388	-6.0	5e-10
389	-6.0	5e-10
390	-6.0	5e-10
391	-6.0	5e-10
392	-6.0	5e-10
393	-6.0	5e-10
394	-6.0	5e-10
395	-6.0	5e-10
396	-6.0	5e-10
397	-6.0	5e-10
398	-6.0	5e-10
399	-6.0	5e-10
400	-6.0	5e-10
401	-6.0	5e-10
402	-6.0	5e-10
403	-6.0	5e-10
404	-6.0	5e-10
405	-6.0	5e-10
406	-6.0	5e-10
407	-6.0	5e-10
408	-6.0	5e-10
409	-6.0	5e-10
410	-6.0	5e-10
411	-6.0	5e-10
412	-6.0	5e-10
413	-6.0	5e-10
414	-6.0	5e-10
415	-6.0	5e-10
416	-6.0	5e-10
417	-6.0	5e-10
418	-6.0	5e-10
419	-6.0	5e-10
420	-6.0	5e-10
421	-6.0	5e-10
422	-6.0	5e-10
423	-6.0	5e-10
424	-6.0	5e-10
425	-6.0	5e-10
426	-6.0	5e-10
427	-6.0	5e-10
428	-6.0	5e-10
429	-6.0	5e-10
430	-6.0	5e-10
431	-6.0	5e-10
432	-6.0	5e-10
433	-6.0	5e-10
434	-6.0	5e-10
435	-6.0	5e-10
436	-6.0	5e-10
437	-6.0	5e-10
438	-6.0	5e-10
439	-6.0	5e-10
440	-6.0	5e-10
441	-6.0	5e-10
442	-6.0	5e-10
443	-6.0	5e-10
444	-6.0	5e-10
445	-6.0	5e-10
446	-6.0	5e-10
447	-6.0	5e-10
448	-6.0	5e-10
449	-6.0	5e-10
450	-6.0	5e-10
451	-6.0	5e-10
452	-6.0	5e-10
453	-6.0	5e-10
454	-6.0	5e-10
455	-6.0	5e-10
456	-6.0	5e-10
457	-6.0	5e-10
458	-6.0	5e-10
459	-6.0	5e-10
460	-6.0	5e-10
461	-6.0	5e-10
462	-6.0	5e-10
463	-6.0	5e-10
464	-6.0	5e-10
465	-6.0	5e-10
466	-6.0	5e-10
467	-6.0	5e-10
468	-6.0	5e-10
469	-6.0	5e-10
470	-6.0	5e-10
471	-6.0	5e-10
472	-6.5	5e-10
473	-6.5	5e-10
474	-6.5	5e-10
475	-6.5	5e-10
476	-6.5	5e-10
477	-6.5	5e-10
478	-6.5	5e-10
479	-6.5	5e-10
480	-6.5	5e-10
481	-6.5	5e-10
482	-6.5	5e-10
483	-6.5	5e-10
484	-6.5	5e-10
485	-6.5	5e-10
486	-6.5	5e-10
487	-6.5	5e-10
488	-6.5	5e-10
489	-6.5	5e-10
490	-6.5	5e-10
491	-6.5	5e-10
492	-6.5	5e-10
493	-6.5	5e-10
494	-6.5	5e-10
495	-6.5	5e-10
496	-6.5	5e-10
497	-6.5	5e-10
498	-6.5	5e-10
499	-6.5	5e-10
500	-6.5	5e-10
501	-6.5	5e-10
502	-6.5	5e-10
503	-6.5	5e-10
504	-6.5	5e-10
505	-6.5	5e-10
506	-6.5	5e-10
507	-6.5	5e-10
508	-6.5	5e-10
509	-6.5	5e-10
510	-6.5	5e-10
511	-6.5	5e-10
512	-6.5	5e-10
513	-6.5	5e-10
514	-6.5	5e-10
515	-6.5	5e-10
516	-6.5	5e-10
517	-6.5	5e-10
518	-6.5	5e-10
519	-6.5	5e-10
520	-6.5	5e-10
521	-6.5	5e-10
522	-6.5	5e-10
523	-6.5	5e-10
524	-6.5	5e-10
525	-6.5	5e-10
526	-6.5	5e-10
527	-6.5	5e-10
528	-6.5	5e-10
529	-6.5	5e-10
530	-6.5	5e-10
531	-6.5	5e-10
532	-6.5	5e-10
533	-6.5	5e-10
534	-6.5	5e-10
535	-6.5	5e-10
536	-6.5	5e-10
537	-6.5	5e-10
538	-6.5	5e-10
539	-6.5	5e-10
540	-6.5	5e-10
541	-6.5	5e-10
542	-6.5	5e-10
543	-6.5	5e-10
544	-6.5	5e-10
545	-6.5	5e-10
546	-6.5	5e-10
547	-6.5	5e-10
548	-6.5	5e-10
549	-6.5	5e-10
550	-6.5	5e-10
551	-6.5	5e-10
552	-6.5	5e-10
553	-6.5	5e-10
554	-6.5	5e-10
555	-6.5	5e-10
556	-6.5	5e-10
557	-6.5	5e-10
558	-6.5	5e-10
559	-6.5	5e-10
560	-6.5	5e-10
561	-6.5	5e-10
562	-6.5	5e-10
563	-6.5	5e-10
564	-6.5	5e-10
565	-6.5	5e-10
566	-6.5	5e-10
567	-6.5	5e-10
568	-6.5	5e-10
569	-6.5	5e-10
570	-6.5	5e-10
571	-6.5	5e-10
572	-6.5	5e-10
573	-6.5	5e-10
574	-6.5	5e-10
575	-6.5	5e-10
576	-6.5	5e-10
577	-6.5	5e-10
578	-6.5	5e-10
579	-6.5	5e-10
580	-6.5	5e-10
581	-6.5	5e-10
582	-6.5	5e-10
583	-6.5	5e-10
584	-6.5	5e-10
585	-6.5	5e-10
586	-6.5	5e-10
587	-6.5	5e-10
588	-6.5	5e-10
589	-6.5	5e-10
590	-6.5	5e-10
591	-6.5	5e-10
592	-6.5	5e-10
593	-6.5	5e-10
594	-6.5	5e-10
595	-6.5	5e-10
596	-6.5	5e-10
597	-6.5	5e-10
598	-7.0	5e-10
599	-7.0	5e-10
600	-7.0	5e-10
601	-7.0	5e-10
602	-7.0	5e-10
603	-7.0	5e-10
604	-7.0	5e-10
605	-7.0	5e-10
606	-7.0	5e-10
607	-7.0	5e-10
608	-7.0	5e-10
609	-7.0	5e-10
610	-7.0	5e-10
611	-7.0	5e-10
612	-7.0	5e-10
613	-7.0	5e-10
614	-7.0	5e-10
615	-7.0	5e-10
616	-7.0	5e-10
617	-7.0	5e-10
618	-7.0	5e-10
619	-7.0	5e-10
620	-7.0	5e-10
621	-7.0	5e-10
622	-7.0	5e-10
623	-7.0	5e-10
624	-7.0	5e-10
625	-7.0	5e-10
626	-7.0	5e-10
627	-7.0	5e-10
628	-7.0	5e-10
629	-7.0	5e-10
630	-7.0	5e-10
631	-7.0	5e-10
632	-7.0	5e-10
633	-7.0	5e-10
634	-7.0	5e-10
635	-7.0	5e-10
636	-7.0	5e-10
637	-7.0	5e-10
638	-7.0	5e-10
639	-7.0	5e-10
640	-7.0	5e-10
641	-7.0	5e-10
642	-7.0	5e-10
643	-7.0	5e-10
644	-7.0	5e-10
645	-7.0	5e-10
646	-7.0	5e-10
647	-7.0	5e-10
648	-7.0	5e-10
649	-7.0	5e-10
650	-7.0	5e-10
651	-7.0	5e-10
652	-7.0	5e-10
653	-7.0	5e-10
654	-7.0	5e-10
655	-7.0	5e-10
656	-7.0	5e-10
657	-7.0	5e-10
658	-7.0	5e-10
659	-7.0	5e-10
660	-7.0	5e-10
661	-7.0	5e-10
662	-7.0	5e-10
663	-7.0	5e-10
664	-7.0	5e-10
665	-7.0	5e-10
666	-7.0	5e-10
667	-7.0	5e-10
668	-7.0	5e-10
669	-7.0	5e-10
670	-7.0	5e-10
671	-7.0	5e-10
672	-7.0	5e-10
673	-7.0	5e-10
674	-7.0	5e-10
675	-7.0	5e-10
676	-7.0	5e-10
677	-7.0	5e-10
678	-7.0	5e-10
679	-7.0	5e-10
680	-7.0	5e-10
681	-7.0	5e-10
682	-7.0	5e-10
683	-7.0	5e-10
684	-7.0	5e-10
685	-7.0	5e-10
686	-7.0	5e-10
687	-7.0	5e-10
688	-7.0	5e-10
689	-7.0	5e-10
690	-7.0	5e-10
691	-7.0	5e-10
692	-7.0	5e-10
693	-7.0	5e-10
694	-7.0	5e-10
695	-7.0	5e-10
696	-7.0	5e-10
697	-7.0	5e-10
698	-7.0	5e-10
699	-7.0	5e-10
700	-7.0	5e-10
701	-7.0	5e-10
702	-7.0	5e-10
703	-7.0	5e-10
704	-7.0	5e-10
705	-7.0	5e-10
706	-7.0	5e-10
707	-7.0	5e-10
708	-7.0	5e-10
709	-7.0	5e-10
710	-7.0	5e-10
711	-7.0	5e-10
712	-7.0	5e-10
713	-7.0	5e-10
714	-7.0	5e-10
715	-7.0	5e-10
716	-7.0	5e-10
717	-7.0	5e-10
718	-7.0	5e-10
719	-7.0	5e-10
720	-7.0	5e-10
721	-7.0	5e-10
722	-7.0	5e-10
723	-7.0	5e-10
724	-7.0	5e-10
725	-7.0	5e-10
726	-7.0	5e-10
727	-7.0	5e-10
728	-7.0	5e-10
729	-7.0	5e-10
730	-7.0	5e-10
731	-7.0	5e-10
732	-7.0	5e-10
733	-7.0	5e-10
734	-7.0	5e-10
735	-7.0	5e-10
736	-7.0	5e-10
737	-7.0	5e-10
738	-7.0	5e-10
739	-7.0	5e-10
740	-7.0	5e-10
741	-7.0	5e-10
742	-7.0	5e-10
743	-7.0	5e-10
744	-7.0	5e-10
745	-7.0	5e-10
746	-7.0	5e-10
747	-7.0	5e-10
748	-7.5	5e-10
749	-7.5	5e-10
750	-7.5	5e-10
751	-7.5	5e-10
752	-7.5	5e-10
753	-7.5	5e-10
754	-7.5	5e-10
755	-7.5	5e-10
756	-7.5	5e-10
757	-7.5	5e-10
758	-7.5	5e-10
759	-7.5	5e-10
760	-7.5	5e-10
761	-7.5	5e-10
762	-7.5	5e-10
763	-7.5	5e-10
764	-7.5	5e-10
765	-7.5	5e-10
766	-7.5	5e-10
767	-7.5	5e-10
768	-7.5	5e-10
769	-7.5	5e-10
770	-7.5	5e-10
771	-7.5	5e-10
772	-7.5	5e-10
773	-7.5	5e-10
774	-7.5	5e-10
775	-7.5	5e-10
776	-7.5	5e-10
777	-7.5	5e-10
778	-7.5	5e-10
779	-7.5	5e-10
780	-7.5	5e-10
781	-7.5	5e-10
782	-7.5	5e-10
783	-7.5	5e-10
784	-7.5	5e-10
785	-7.5	5e-10
786	-7.5	5e-10
787	-7.5	5e-10
788	-7.5	5e-10
789	-7.5	5e-10
790	-7.5	5e-10
791	-7.5	5e-10
792	-7.5	5e-10
793	-7.5	5e-10
794	-7.5	5e-10
795	-7.5	5e-10
796	-7.5	5e-10
797	-7.5	5e-10
798	-7.5	5e-10
799	-7.5	5e-10
800	-7.5	5e-10
801	-7.5	5e-10
802	-7.5	5e-10
803	-7.5	5e-10
804	-7.5	5e-10
805	-7.5	5e-10
806	-7.5	5e-10
807	-7.5	5e-10
808	-7.5	5e-10
809	-7.5	5e-10
810	-7.5	5e-10
811	-7.5	5e-10
812	-7.5	5e-10
813	-7.5	5e-10
814	-7.5	5e-10
815	-7.5	5e-10
816	-7.5	5e-10
817	-7.5	5e-10
818	-7.5	5e-10
819	-7.5	5e-10
820	-7.5	5e-10
821	-7.5	5e-10
822	-7.5	5e-10
823	-7.5	5e-10
824	-7.5	5e-10
825	-7.5	5e-10
826	-7.5	5e-10
827	-7.5	5e-10
828	-7.5	5e-10
829	-7.5	5e-10
830	-7.5	5e-10
831	-7.5	5e-10
832	-7.5	5e-10
833	-7.5	5e-10
834	-7.5	5e-10
835	-7.5	5e-10
836	-7.5	5e-10
837	-7.5	5e-10
838	-7.5	5e-10
839	-7.5	5e-10
840	-7.5	5e-10
841	-7.5	5e-10
842	-7.5	5e-10
843	-7.5	5e-10
844	-7.5	5e-10
845	-7.5	5e-10
846	-7.5	5e-10
847	-7.5	5e-10
848	-7.5	5e-10
849	-7.5	5e-10
850	-7.5	5e-10
851	-7.5	5e-10
852	-7.5	5e-10
853	-7.5	5e-10
854	-7.5	5e-10
855	-7.5	5e-10
856	-7.5	5e-10
857	-7.5	5e-10
858	-7.5	5e-10
859	-7.5	5e-10
860	-7.5	5e-10
861	-7.5	5e-10
862	-7.5	5e-10
863	-7.5	5e-10
864	-7.5	5e-10
865	-7.5	5e-10
866	-7.5	5e-10
867	-7.5	5e-10
868	-7.5	5e-10
869	-7.5	5e-10
870	-7.5	5e-10
871	-7.5	5e-10
872	-7.5	5e-10
873	-7.5	5e-10
874	-7.5	5e-10
875	-7.5	5e-10
876	-7.5	5e-10
877	-7.5	5e-10
878	-7.5	5e-10
879	-7.5	5e-10
880	-7.5	5e-10
881	-7.5	5e-10
882	-7.5	5e-10
883	-7.5	5e-10
884	-7.5	5e-10
885	-7.5	5e-10
886	-7.5	5e-10
887	-7.5	5e-10
888	-7.5	5e-10
889	-7.5	5e-10
890	-7.5	5e-10
891	-7.5	5e-10
892	-7.5	5e-10
893	-7.5	5e-10
894	-8.0	5e-10
895	-8.0	5e-10
896	-8.0	5e-10
897	-8.0	5e-10
898	-8.0	5e-10
899	-8.0	5e-10
900	-8.0	5e-10
901	-8.0	5e-10
902	-8.0	5e-10
903	-8.0	5e-10
904	-8.0	5e-10
905	-8.0	5e-10
906	-8.0	5e-10
907	-8.0	5e-10
908	-8.0	5e-10
909	-8.0	5e-10
910	-8.0	5e-10
911	-8.0	5e-10
912	-8.0	5e-10
913	-8.0	5e-10
914	-8.0	5e-10
915	-8.0	5e-10
916	-8.0	5e-10
917	-8.0	5e-10
918	-8.0	5e-10
919	-8.0	5e-10
920	-8.0	5e-10
921	-8.0	5e-10
922	-8.0	5e-10
923	-8.0	5e-10
924	-8.0	5e-10
925	-8.0	5e-10
926	-8.0	5e-10
927	-8.0	5e-10
928	-8.0	5e-10
929	-8.0	5e-10
930	-8.0	5e-10
931	-8.0	5e-10
932	-8.0	5e-10
933	-8.0	5e-10
934	-8.0	5e-10
935	-8.0	5e-10
936	-8.0	5e-10
937	-8.0	5e-10
938	-8.0	5e-10
939	-8.0	5e-10
940	-8.0	5e-10
941	-8.0	5e-10
942	-8.0	5e-10
943	-8.0	5e-10
944	-8.0	5e-10
945	-8.0	5e-10
946	-8.0	5e-10
947	-8.0	5e-10
948	-8.0	5e-10
949	-8.0	5e-10
950	-8.0	5e-10
951	-8.0	5e-10
952	-8.0	5e-10
953	-8.0	5e-10
954	-8.0	5e-10
955	-8.0	5e-10
956	-8.0	5e-10
957	-8.0	5e-10
958	-8.0	5e-10
959	-8.0	5e-10
960	-8.0	5e-10
961	-8.0	5e-10
962	-8.0	5e-10
963	-8.0	5e-10
964	-8.0	5e-10
965	-8.0	5e-10
966	-8.0	5e-10
967	-8.0	5e-10
968	-8.0	5e-10
969	-8.0	5e-10
970	-8.0	5e-10
971	-8.0	5e-10
972	-8.0	5e-10
973	-8.0	5e-10
974	-8.0	5e-10
975	-8.0	5e-10
976	-8.0	5e-10
977	-8.0	5e-10
978	-8.0	5e-10
979	-8.0	5e-10
980	-8.0	5e-10
981	-8.0	5e-10
982	-8.0	5e-10
983	-8.0	5e-10
984	-8.0	5e-10
985	-8.0	5e-10
986	-8.0	5e-10
987	-8.0	5e-10
988	-8.0	5e-10
989	-8.0	5e-10
990	-8.0	5e-10
991	-8.0	5e-10
992	-8.0	5e-10
993	-8.0	5e-10
994	-8.0	5e-10
995	-8.0	5e-10
996	-8.0	5e-10
997	-8.0	5e-10
998	-8.0	5e-10
999	-8.0	5e-10
1000	-8.0	5e-10
1001	-8.0	5e-10
1002	-8.0	5e-10
1003	-8.0	5e-10
1004	-8.0	5e-10
1005	-8.0	5e-10
1006	-8.0	5e-10
1007	-8.0	5e-10
1008	-8.0	5e-10
1009	-8.0	5e-10
1010	-8.0	5e-10
1011	-8.0	5e-10
1012	-8.0	5e-10
1013	-8.0	5e-10
1014	-8.0	5e-10
1015	-8.0	5e-10
1016	-8.0	5e-10
1017	-8.0	5e-10
1018	-8.0	5e-10
1019	-8.0	5e-10
1020	-8.0	5e-10
1021	-8.0	5e-10
1022	-8.0	5e-10
1023	-8.0	5e-10
1024	-8.0	5e-10
1025	-8.0	5e-10
1026	-8.0	5e-10
1027	-8.0	5e-10
1028	-8.0	5e-10
1029	-8.0	5e-10
1030	-8.0	5e-10
1031	-8.0	5e-10
1032	-8.0	5e-10
1033	-8.0	5e-10
1034	-8.0	5e-10
1035	-8.0	5e-10
1036	-8.0	5e-10
1037	-8.0	5e-10
1038	-8.0	5e-10
1039	-8.0	5e-10
1040	-8.0	5e-10
1041	-8.0	5e-10
1042	-8.5	5e-10
1043	-8.5	5e-10
1044	-8.5	5e-10
1045	-8.5	5e-10
1046	-8.5	5e-10
1047	-8.5	5e-10
1048	-8.5	5e-10
1049	-8.5	5e-10
1050	-8.5	5e-10
1051	-8.5	5e-10
1052	-8.5	5e-10
1053	-8.5	5e-10
1054	-8.5	5e-10
1055	-8.5	5e-10
1056	-8.5	5e-10
1057	-8.5	5e-10
1058	-8.5	5e-10
1059	-8.5	5e-10
1060	-8.5	5e-10
1061	-8.5	5e-10
1062	-8.5	5e-10
1063	-8.5	5e-10
1064	-8.5	5e-10
1065	-8.5	5e-10
1066	-8.5	5e-10
1067	-8.5	5e-10
1068	-8.5	5e-10
1069	-8.5	5e-10
1070	-8.5	5e-10
1071	-8.5	5e-10
1072	-8.5	5e-10
1073	-8.5	5e-10
1074	-8.5	5e-10
1075	-8.5	5e-10
1076	-8.5	5e-10
1077	-8.5	5e-10
1078	-8.5	5e-10
1079	-8.5	5e-10
1080	-8.5	5e-10
1081	-8.5	5e-10
1082	-8.5	5e-10
1083	-8.5	5e-10
1084	-8.5	5e-10
1085	-8.5	5e-10
1086	-8.5	5e-10
1087	-8.5	5e-10
1088	-8.5	5e-10
1089	-8.5	5e-10
1090	-8.5	5e-10
1091	-8.5	5e-10
1092	-8.5	5e-10
1093	-8.5	5e-10
1094	-8.5	5e-10
1095	-8.5	5e-10
1096	-8.5	5e-10
1097	-8.5	5e-10
1098	-8.5	5e-10
1099	-8.5	5e-10
1100	-8.5	5e-10
1101	-8.5	5e-10
1102	-8.5	5e-10
1103	-8.5	5e-10
1104	-8.5	5e-10
1105	-8.5	5e-10
1106	-8.5	5e-10
1107	-8.5	5e-10
1108	-8.5	5e-10
1109	-8.5	5e-10
1110	-8.5	5e-10
1111	-8.5	5e-10
1112	-8.5	5e-10
1113	-8.5	5e-10
1114	-8.5	5e-10
1115	-8.5	5e-10
1116	-8.5	5e-10
1117	-8.5	5e-10
1118	-8.5	5e-10
1119	-8.5	5e-10
1120	-8.5	5e-10
1121	-8.5	5e-10
1122	-8.5	5e-10
1123	-8.5	5e-10
1124	-8.5	5e-10
1125	-8.5	5e-10
1126	-8.5	5e-10
1127	-8.5	5e-10
1128	-8.5	5e-10
1129	-8.5	5e-10
1130	-8.5	5e-10
1131	-8.5	5e-10
1132	-8.5	5e-10
1133	-8.5	5e-10
1134	-8.5	5e-10
1135	-8.5	5e-10
1136	-8.5	5e-10
1137	-8.5	5e-10
1138	-8.5	5e-10
1139	-8.5	5e-10
1140	-8.5	5e-10
1141	-8.5	5e-10
1142	-8.5	5e-10
1143	-8.5	5e-10
1144	-8.5	5e-10
1145	-8.5	5e-10
1146	-8.5	5e-10
1147	-8.5	5e-10
1148	-8.5	5e-10
1149	-8.5	5e-10
1150	-8.5	5e-10
1151	-8.5	5e-10
1152	-8.5	5e-10
1153	-8.5	5e-10
1154	-8.5	5e-10
1155	-8.5	5e-10
1156	-8.5	5e-10
1157	-8.5	5e-10
1158	-8.5	5e-10
1159	-8.5	5e-10
1160	-8.5	5e-10
1161	-8.5	5e-10
1162	-8.5	5e-10
1163	-8.5	5e-10
1164	-8.5	5e-10
1165	-8.5	5e-10
1166	-8.5	5e-10
1167	-8.5	5e-10
1168	-8.5	5e-10
1169	-8.5	5e-10
1170	-8.5	5e-10
1171	-8.5	5e-10
1172	-8.5	5e-10
1173	-8.5	5e-10
1174	-8.5	5e-10
1175	-8.5	5e-10
1176	-8.5	5e-10
1177	-8.5	5e-10
1178	-8.5	5e-10
1179	-8.5	5e-10
1180	-8.5	5e-10
1181	-8.5	5e-10
1182	-8.5	5e-10
1183	-8.5	5e-10
1184	-8.5	5e-10
1185	-8.5	5e-10
1186	-8.5	5e-10
1187	-8.5	5e-10
1188	-8.5	5e-10
1189	-8.5	5e-10
1190	-8.5	5e-10
1191	-8.5	5e-10
1192	-8.5	5e-10
1193	-8.5	5e-10
1194	-8.5	5e-10
1195	-8.5	5e-10
1196	-8.5	5e-10
1197	-8.5	5e-10
1198	-8.5	5e-10
1199	-8.5	5e-10
1200	-8.5	5e-10
1201	-8.5	5e-10
1202	-8.5	5e-10
1203	-8.5	5e-10
1204	-8.5	5e-10
1205	-8.5	5e-10
1206	-8.5	5e-10
1207	-8.5	5e-10
1208	-8.5	5e-10
1209	-8.5	5e-10
1210	-8.5	5e-10
1211	-8.5	5e-10
1212	-8.5	5e-10
1213	-8.5	5e-10
1214	-8.5	5e-10
1215	-8.5	5e-10
1216	-8.5	5e-10
1217	-8.5	5e-10
1218	-8.5	5e-10
1219	-8.5	5e-10
1220	-8.5	5e-10
1221	-8.5	5e-10
1222	-8.5	5e-10
1223	-8.5	5e-10
1224	-8.5	5e-10
1225	-8.5	5e-10
1226	-8.5	5e-10
1227	-8.5	5e-10
1228	-9.0	5e-10
1229	-9.0	5e-10
1230	-9.0	5e-10
1231	-9.0	5e-10
1232	-9.0	5e-10
1233	-9.0	5e-10
1234	-9.0	5e-10
1235	-9.0	5e-10
1236	-9.0	5e-10
1237	-9.0	5e-10
1238	-9.0	5e-10
1239	-9.0	5e-10
1240	-9.0	5e-10
1241	-9.0	5e-10
1242	-9.0	5e-10
1243	-9.0	5e-10
1244	-9.0	5e-10
1245	-9.0	5e-10
1246	-9.0	5e-10
1247	-9.0	5e-10
1248	-9.0	5e-10
1249	-9.0	5e-10
1250	-9.0	5e-10
1251	-9.0	5e-10
1252	-9.0	5e-10
1253	-9.0	5e-10
1254	-9.0	5e-10
1255	-9.0	5e-10
1256	-9.0	5e-10
1257	-9.0	5e-10
1258	-9.0	5e-10
1259	-9.0	5e-10
1260	-9.0	5e-10
1261	-9.0	5e-10
1262	-9.0	5e-10
1263	-9.0	5e-10
1264	-9.0	5e-10
1265	-9.0	5e-10
1266	-9.0	5e-10
1267	-9.0	5e-10
1268	-9.0	5e-10
1269	-9.0	5e-10
1270	-9.0	5e-10
1271	-9.0	5e-10
1272	-9.0	5e-10
1273	-9.0	5e-10
1274	-9.0	5e-10
1275	-9.0	5e-10
1276	-9.0	5e-10
1277	-9.0	5e-10
1278	-9.0	5e-10
1279	-9.0	5e-10
1280	-9.0	5e-10
1281	-9.0	5e-10
1282	-9.0	5e-10
1283	-9.0	5e-10
1284	-9.0	5e-10
1285	-9.0	5e-10
1286	-9.0	5e-10
1287	-9.0	5e-10
1288	-9.0	5e-10
1289	-9.0	5e-10
1290	-9.0	5e-10
1291	-9.0	5e-10
1292	-9.0	5e-10
1293	-9.0	5e-10
1294	-9.0	5e-10
1295	-9.0	5e-10
1296	-9.0	5e-10
1297	-9.0	5e-10
1298	-9.0	5e-10
1299	-9.0	5e-10
1300	-9.0	5e-10
1301	-9.0	5e-10
1302	-9.0	5e-10
1303	-9.0	5e-10
1304	-9.0	5e-10
1305	-9.0	5e-10
1306	-9.0	5e-10
1307	-9.0	5e-10
1308	-9.0	5e-10
1309	-9.0	5e-10
1310	-9.0	5e-10
1311	-9.0	5e-10
1312	-9.0	5e-10
1313	-9.0	5e-10
1314	-9.0	5e-10
1315	-9.0	5e-10
1316	-9.0	5e-10
1317	-9.0	5e-10
1318	-9.0	5e-10
1319	-9.0	5e-10
1320	-9.0	5e-10
1321	-9.0	5e-10
1322	-9.0	5e-10
1323	-9.0	5e-10
1324	-9.0	5e-10
1325	-9.0	5e-10
1326	-9.0	5e-10
1327	-9.0	5e-10
1328	-9.0	5e-10
1329	-9.0	5e-10
1330	-9.0	5e-10
1331	-9.0	5e-10
1332	-9.0	5e-10
1333	-9.0	5e-10
1334	-9.0	5e-10
1335	-9.0	5e-10
1336	-9.0	5e-10
1337	-9.0	5e-10
1338	-9.0	5e-10
1339	-9.0	5e-10
1340	-9.0	5e-10
1341	-9.0	5e-10
1342	-9.0	5e-10
1343	-9.0	5e-10
1344	-9.0	5e-10
1345	-9.0	5e-10
1346	-9.0	5e-10
1347	-9.0	5e-10
1348	-9.0	5e-10
1349	-9.0	5e-10
1350	-9.0	5e-10
1351	-9.0	5e-10
1352	-9.0	5e-10
1353	-9.0	5e-10
1354	-9.0	5e-10
1355	-9.0	5e-10
1356	-9.0	5e-10
1357	-9.0	5e-10
1358	-9.0	5e-10
1359	-9.0	5e-10
1360	-9.0	5e-10
1361	-9.0	5e-10
1362	-9.0	5e-10
1363	-9.0	5e-10
1364	-9.0	5e-10
1365	-9.0	5e-10
1366	-9.0	5e-10
1367	-9.0	5e-10
1368	-9.0	5e-10
1369	-9.0	5e-10
1370	-9.0	5e-10
1371	-9.0	5e-10
1372	-9.0	5e-10
1373	-9.0	5e-10
1374	-9.0	5e-10
1375	-9.0	5e-10
1376	-9.5	5e-10
1377	-9.5	5e-10
1378	-9.5	5e-10
1379	-9.5	5e-10
1380	-9.5	5e-10
1381	-9.5	5e-10
1382	-9.5	5e-10
1383	-9.5	5e-10
1384	-9.5	5e-10
1385	-9.5	5e-10
1386	-9.5	5e-10
1387	-9.5	5e-10
1388	-9.5	5e-10
1389	-9.5	5e-10
1390	-9.5	5e-10
1391	-9.5	5e-10
1392	-9.5	5e-10
1393	-9.5	5e-10
1394	-9.5	5e-10
1395	-9.5	5e-10
1396	-9.5	5e-10
1397	-9.5	5e-10
1398	-9.5	5e-10
1399	-9.5	5e-10
1400	-9.5	5e-10
1401	-9.5	5e-10
1402	-9.5	5e-10
1403	-9.5	5e-10
1404	-9.5	5e-10
1405	-9.5	5e-10
1406	-9.5	5e-10
1407	-9.5	5e-10
1408	-9.5	5e-10
1409	-9.5	5e-10
1410	-9.5	5e-10
1411	-9.5	5e-10
1412	-9.5	5e-10
1413	-9.5	5e-10
1414	-9.5	5e-10
1415	-9.5	5e-10
1416	-9.5	5e-10
1417	-9.5	5e-10
1418	-9.5	5e-10
1419	-9.5	5e-10
1420	-9.5	5e-10
1421	-9.5	5e-10
1422	-9.5	5e-10
1423	-9.5	5e-10
1424	-9.5	5e-10
1425	-9.5	5e-10
1426	-9.5	5e-10
1427	-9.5	5e-10
1428	-9.5	5e-10
1429	-9.5	5e-10
1430	-9.5	5e-10
1431	-9.5	5e-10
1432	-9.5	5e-10
1433	-9.5	5e-10
1434	-9.5	5e-10
1435	-9.5	5e-10
1436	-9.5	5e-10
1437	-9.5	5e-10
1438	-9.5	5e-10
1439	-9.5	5e-10
1440	-9.5	5e-10
1441	-9.5	5e-10
1442	-9.5	5e-10
1443	-9.5	5e-10
1444	-9.5	5e-10
1445	-9.5	5e-10
1446	-9.5	5e-10
1447	-9.5	5e-10
1448	-9.5	5e-10
1449	-9.5	5e-10
1450	-9.5	5e-10
1451	-9.5	5e-10
1452	-9.5	5e-10
1453	-9.5	5e-10
1454	-9.5	5e-10
1455	-9.5	5e-10
1456	-9.5	5e-10
1457	-9.5	5e-10
1458	-9.5	5e-10
1459	-9.5	5e-10
1460	-9.5	5e-10
1461	-9.5	5e-10
1462	-9.5	5e-10
1463	-9.5	5e-10
1464	-9.5	5e-10
1465	-9.5	5e-10
1466	-9.5	5e-10
1467	-9.5	5e-10
1468	-9.5	5e-10
1469	-9.5	5e-10
1470	-9.5	5e-10
1471	-9.5	5e-10
1472	-9.5	5e-10
1473	-9.5	5e-10
1474	-9.5	5e-10
1475	-9.5	5e-10
1476	-9.5	5e-10
1477	-9.5	5e-10
1478	-9.5	5e-10
1479	-9.5	5e-10
1480	-9.5	5e-10
1481	-9.5	5e-10
1482	-9.5	5e-10
1483	-9.5	5e-10
1484	-9.5	5e-10
1485	-9.5	5e-10
1486	-9.5	5e-10
1487	-9.5	5e-10
1488	-9.5	5e-10
1489	-9.5	5e-10
1490	-9.5	5e-10
1491	-9.5	5e-10
1492	-9.5	5e-10
1493	-9.5	5e-10
1494	-9.5	5e-10
1495	-9.5	5e-10
1496	-9.5	5e-10
1497	-9.5	5e-10
1498	-9.5	5e-10
1499	-9.5	5e-10
1500	-9.5	5e-10
1501	-9.5	5e-10
1502	-9.5	5e-10
1503	-10.0	5e-10
1504	-10.0	5e-10
1505	-10.0	5e-10
1506	-10.0	5e-10
1507	-10.0	5e-10
1508	-10.0	5e-10
1509	-10.0	5e-10
1510	-10.0	5e-10
1511	-10.0	5e-10
1512	-10.0	5e-10
1513	-10.0	5e-10
1514	-10.0	5e-10
1515	-10.0	5e-10
1516	-10.0	5e-10
1517	-10.0	5e-10
1518	-10.0	5e-10
1519	-10.0	5e-10
1520	-10.0	5e-10
1521	-10.0	5e-10
1522	-10.0	5e-10
1523	-10.0	5e-10
1524	-10.0	5e-10
1525	-10.0	5e-10
1526	-10.0	5e-10
1527	-10.0	5e-10
1528	-10.0	5e-10
1529	-10.0	5e-10
1530	-10.0	5e-10
1531	-10.0	5e-10
1532	-10.0	5e-10
1533	-10.0	5e-10
1534	-10.0	5e-10
1535	-10.0	5e-10
1536	-10.0	5e-10
1537	-10.0	5e-10
1538	-10.0	5e-10
1539	-10.0	5e-10
1540	-10.0	5e-10
1541	-10.0	5e-10
1542	-10.0	5e-10
1543	-10.0	5e-10
1544	-10.0	5e-10
1545	-10.0	5e-10
1546	-10.0	5e-10
1547	-10.0	5e-10
1548	-10.0	5e-10
1549	-10.0	5e-10
1550	-10.0	5e-10
1551	-10.0	5e-10
1552	-10.0	5e-10
1553	-10.0	5e-10
1554	-10.0	5e-10
1555	-10.0	5e-10
1556	-10.0	5e-10
1557	-10.0	5e-10
1558	-10.0	5e-10
1559	-10.0	5e-10
1560	-10.0	5e-10
1561	-10.0	5e-10
1562	-10.0	5e-10
1563	-10.0	5e-10
1564	-10.0	5e-10
1565	-10.0	5e-10
1566	-10.0	5e-10
1567	-10.0	5e-10
1568	-10.0	5e-10
1569	-10.0	5e-10
1570	-10.0	5e-10
1571	-10.0	5e-10
1572	-10.0	5e-10
1573	-10.0	5e-10
1574	-10.0	5e-10
1575	-10.0	5e-10
1576	-10.0	5e-10
1577	-10.0	5e-10
1578	-10.0	5e-10
1579	-10.0	5e-10
1580	-10.0	5e-10
1581	-10.0	5e-10
1582	-10.0	5e-10
1583	-10.0	5e-10
1584	-10.0	5e-10
1585	-10.0	5e-10
1586	-10.0	5e-10
1587	-10.0	5e-10
1588	-10.0	5e-10
1589	-10.0	5e-10
1590	-10.0	5e-10
1591	-10.0	5e-10
1592	-10.0	5e-10
1593	-10.0	5e-10
1594	-10.0	5e-10
1595	-10.0	5e-10
1596	-10.0	5e-10
1597	-10.0	5e-10
1598	-10.0	5e-10
1599	-10.0	5e-10
1600	-10.0	5e-10
1601	-10.0	5e-10
1602	-10.0	5e-10
1603	-10.0	5e-10
1604	-10.0	5e-10
1605	-10.0	5e-10
1606	-10.0	5e-10
1607	-10.0	5e-10
1608	-10.5	5e-10
1609	-10.5	5e-10
1610	-10.5	5e-10
1611	-10.5	5e-10
1612	-10.5	5e-10
1613	-10.5	5e-10
1614	-10.5	5e-10
1615	-10.5	5e-10
1616	-10.5	5e-10
1617	-10.5	5e-10
1618	-10.5	5e-10
1619	-10.5	5e-10
1620	-10.5	5e-10
1621	-10.5	5e-10
1622	-10.5	5e-10
1623	-10.5	5e-10
1624	-10.5	5e-10
1625	-10.5	5e-10
1626	-10.5	5e-10
1627	-10.5	5e-10
1628	-10.5	5e-10
1629	-10.5	5e-10
1630	-10.5	5e-10
1631	-10.5	5e-10
1632	-10.5	5e-10
1633	-10.5	5e-10
1634	-10.5	5e-10
1635	-10.5	5e-10
1636	-10.5	5e-10
1637	-10.5	5e-10
1638	-10.5	5e-10
1639	-10.5	5e-10
1640	-10.5	5e-10
1641	-10.5	5e-10
1642	-10.5	5e-10
1643	-10.5	5e-10
1644	-10.5	5e-10
1645	-10.5	5e-10
1646	-10.5	5e-10
1647	-10.5	5e-10
1648	-10.5	5e-10
1649	-10.5	5e-10
1650	-10.5	5e-10
1651	-10.5	5e-10
1652	-10.5	5e-10
1653	-10.5	5e-10
1654	-10.5	5e-10
1655	-10.5	5e-10
1656	-10.5	5e-10
1657	-10.5	5e-10
1658	-10.5	5e-10
1659	-10.5	5e-10
1660	-10.5	5e-10
1661	-10.5	5e-10
1662	-10.5	5e-10
1663	-10.5	5e-10
1664	-10.5	5e-10
1665	-10.5	5e-10
1666	-10.5	5e-10
1667	-10.5	5e-10
1668	-10.5	5e-10
1669	-10.5	5e-10
1670	-10.5	5e-10
1671	-10.5	5e-10
1672	-10.5	5e-10
1673	-10.5	5e-10
1674	-10.5	5e-10
1675	-10.5	5e-10
1676	-10.5	5e-10
1677	-10.5	5e-10
1678	-10.5	5e-10
1679	-10.5	5e-10
1680	-10.5	5e-10
1681	-10.5	5e-10
1682	-10.5	5e-10
1683	-10.5	5e-10
1684	-10.5	5e-10
1685	-10.5	5e-10
1686	-10.5	5e-10
1687	-10.5	5e-10
1688	-10.5	5e-10
1689	-10.5	5e-10
1690	-10.5	5e-10
1691	-10.5	5e-10
1692	-11.0	5e-10
1693	-11.0	5e-10
1694	-11.0	5e-10
1695	-11.0	5e-10
1696	-11.0	5e-10
1697	-11.0	5e-10
1698	-11.0	5e-10
1699	-11.0	5e-10
1700	-11.0	5e-10
1701	-11.0	5e-10
1702	-11.0	5e-10
1703	-11.0	5e-10
1704	-11.0	5e-10
1705	-11.0	5e-10
1706	-11.0	5e-10
1707	-11.0	5e-10
1708	-11.0	5e-10
1709	-11.0	5e-10
1710	-11.0	5e-10
1711	-11.0	5e-10
1712	-11.0	5e-10
1713	-11.0	5e-10
1714	-11.0	5e-10
1715	-11.0	5e-10
1716	-11.0	5e-10
1717	-11.0	5e-10
1718	-11.0	5e-10
1719	-11.0	5e-10
1720	-11.0	5e-10
1721	-11.0	5e-10
1722	-11.0	5e-10
1723	-11.0	5e-10
1724	-11.0	5e-10
1725	-11.0	5e-10
1726	-11.0	5e-10
1727	-11.0	5e-10
1728	-11.0	5e-10
1729	-11.0	5e-10
1730	-11.0	5e-10
1731	-11.0	5e-10
1732	-11.0	5e-10
1733	-11.0	5e-10
1734	-11.0	5e-10
1735	-11.0	5e-10
1736	-11.0	5e-10
1737	-11.0	5e-10
1738	-11.0	5e-10
1739	-11.0	5e-10
1740	-11.0	5e-10
1741	-11.0	5e-10
1742	-11.0	5e-10
1743	-11.5	5e-10
1744	-11.5	5e-10
1745	-11.5	5e-10
1746	-11.5	5e-10
1747	-11.5	5e-10
1748	-11.5	5e-10
1749	-11.5	5e-10
1750	-11.5	5e-10
1751	-11.5	5e-10
1752	-11.5	5e-10
1753	-11.5	5e-10
1754	-11.5	5e-10
1755	-11.5	5e-10
1756	-11.5	5e-10
1757	-11.5	5e-10
1758	-11.5	5e-10
1759	-11.5	5e-10
1760	-11.5	5e-10
1761	-11.5	5e-10
1762	-11.5	5e-10
1763	-11.5	5e-10
1764	-11.5	5e-10
1765	-11.5	5e-10
1766	-11.5	5e-10
1767	-11.5	5e-10
1768	-11.5	5e-10
1769	-11.5	5e-10
1770	-11.5	5e-10
1771	-11.5	5e-10
1772	-11.5	5e-10
1773	-11.5	5e-10
1774	-11.5	5e-10
1775	-11.5	5e-10
1776	-11.5	5e-10
1777	-11.5	5e-10
1778	-11.5	5e-10
1779	-11.5	5e-10
1780	-11.5	5e-10
1781	-11.5	5e-10
1782	-11.5	5e-10
1783	-11.5	5e-10
1784	-11.5	5e-10
1785	-11.5	5e-10
1786	-11.5	5e-10
1787	-11.5	5e-10
1788	-11.5	5e-10
1789	-11.5	5e-10
1790	-11.5	5e-10
1791	-11.5	5e-10
1792	-11.5	5e-10
1793	-11.5	5e-10
1794	-11.5	5e-10
1795	-11.5	5e-10
1796	-11.5	5e-10
1797	-11.5	5e-10
1798	-12.0	5e-10
1799	-12.0	5e-10
1800	-12.0	5e-10
1801	-12.0	5e-10
1802	-12.0	5e-10
1803	-12.0	5e-10
1804	-12.0	5e-10
1805	-12.0	5e-10
1806	-12.0	5e-10
1807	-12.0	5e-10
1808	-12.0	5e-10
1809	-12.0	5e-10
1810	-12.0	5e-10
1811	-12.0	5e-10
1812	-12.0	5e-10
1813	-12.0	5e-10
1814	-12.0	5e-10
1815	-12.0	5e-10
1816	-12.0	5e-10
1817	-12.0	5e-10
1818	-12.0	5e-10
1819	-12.0	5e-10
1820	-12.0	5e-10
1821	-12.0	5e-10
1822	-12.0	5e-10
1823	-12.0	5e-10
1824	-12.0	5e-10
1825	-12.0	5e-10
1826	-12.0	5e-10
1827	-12.0	5e-10
1828	-12.0	5e-10
1829	-12.0	5e-10
1830	-12.0	5e-10
1831	-12.0	5e-10
1832	-12.0	5e-10
1833	-12.0	5e-10
1834	-12.0	5e-10
1835	-12.5	5e-10
1836	-12.5	5e-10
1837	-12.5	5e-10
1838	-12.5	5e-10
1839	-12.5	5e-10
1840	-12.5	5e-10
1841	-12.5	5e-10
1842	-12.5	5e-10
1843	-12.5	5e-10
1844	-12.5	5e-10
1845	-12.5	5e-10
1846	-12.5	5e-10
1847	-12.5	5e-10
1848	-12.5	5e-10
1849	-12.5	5e-10
1850	-12.5	5e-10
1851	-12.5	5e-10
1852	-12.5	5e-10
1853	-12.5	5e-10
1854	-12.5	5e-10
1855	-12.5	5e-10
1856	-12.5	5e-10
1857	-12.5	5e-10
1858	-12.5	5e-10
1859	-12.5	5e-10
1860	-12.5	5e-10
1861	-12.5	5e-10
1862	-12.5	5e-10
1863	-12.5	5e-10
1864	-13.0	5e-10
1865	-13.0	5e-10
1866	-13.0	5e-10
1867	-13.0	5e-10
1868	-13.0	5e-10
1869	-13.0	5e-10
1870	-13.0	5e-10
1871	-13.0	5e-10
1872	-13.0	5e-10
1873	-13.0	5e-10
1874	-13.0	5e-10
1875	-13.0	5e-10
1876	-13.0	5e-10
1877	-13.0	5e-10
1878	-13.0	5e-10
1879	-13.0	5e-10
1880	-13.0	5e-10
1881	-13.0	5e-10
1882	-13.0	5e-10
1883	-13.5	5e-10
1884	-13.5	5e-10
1885	-13.5	5e-10
1886	-13.5	5e-10
1887	-13.5	5e-10
1888	-13.5	5e-10
1889	-13.5	5e-10
1890	-13.5	5e-10
1891	-13.5	5e-10
1892	-13.5	5e-10
1893	-13.5	5e-10
1894	-13.5	5e-10
1895	-13.5	5e-10
1896	-13.5	5e-10
1897	-13.5	5e-10
1898	-13.5	5e-10
1899	-14.0	5e-10
1900	-14.0	5e-10
1901	-14.0	5e-10
1902	-14.0	5e-10
1903	-14.0	5e-10
1904	-14.0	5e-10
1905	-14.0	5e-10
1906	-14.5	5e-10
1907	-14.5	5e-10
1908	-14.5	5e-10
1909	-14.5	5e-10
1910	-14.5	5e-10
1911	-14.5	5e-10
1912	-15.0	5e-10
1913	-15.0	5e-10
1914	-15.5	5e-10
1915	-15.5	5e-10
1916	-15.5	5e-10
1917	-16.0	5e-10
1918	-16.0	5e-10
1919	-17.5	5e-10
1920	-18.0	5e-10
