0	6.765	1e-08
1	5.115	1e-08
2	3.775	1e-08
3	3.705	1e-08
4	3.255	1e-08
5	3.085	1e-08
6	1.515	1e-08
7	1.505	1e-08
8	1.245	1e-08
9	1.195	1e-08
10	1.105	1e-08
11	1.035	1e-08
12	1.005	1e-08
13	0.925	1e-08
14	0.825	1e-08
15	0.795	1e-08
16	0.765	1e-08
17	0.765	1e-08
18	0.755	1e-08
19	0.725	1e-08
20	0.705	1e-08
21	0.705	1e-08
22	0.695	1e-08
23	0.685	1e-08
24	0.685	1e-08
25	0.685	1e-08
26	0.685	1e-08
27	0.665	1e-08
28	0.665	1e-08
29	0.645	1e-08
30	0.635	1e-08
31	0.635	1e-08
32	0.625	1e-08
33	0.625	1e-08
34	0.615	1e-08
35	0.615	1e-08
36	0.615	1e-08
37	0.605	1e-08
38	0.605	1e-08
39	0.595	1e-08
40	0.595	1e-08
41	0.565	1e-08
42	0.525	1e-08
43	0.505	1e-08
44	0.505	1e-08
45	0.505	1e-08
46	0.495	1e-08
47	0.485	1e-08
48	0.475	1e-08
49	0.455	1e-08
50	0.455	1e-08
51	0.455	1e-08
52	0.455	1e-08
53	0.435	1e-08
54	0.425	1e-08
55	0.425	1e-08
56	0.415	1e-08
57	0.415	1e-08
58	0.415	1e-08
59	0.395	1e-08
60	0.395	1e-08
61	0.385	1e-08
62	0.385	1e-08
63	0.385	1e-08
64	0.385	1e-08
65	0.375	1e-08
66	0.375	1e-08
67	0.375	1e-08
68	0.375	1e-08
69	0.375	1e-08
70	0.375	1e-08
71	0.375	1e-08
72	0.375	1e-08
73	0.375	1e-08
74	0.375	1e-08
75	0.375	1e-08
76	0.375	1e-08
77	0.365	1e-08
78	0.365	1e-08
79	0.365	1e-08
80	0.365	1e-08
81	0.365	1e-08
82	0.365	1e-08
83	0.365	1e-08
84	0.365	1e-08
85	0.365	1e-08
86	0.365	1e-08
87	0.365	1e-08
88	0.365	1e-08
89	0.365	1e-08
90	0.365	1e-08
91	0.365	1e-08
92	0.365	1e-08
93	0.365	1e-08
94	0.365	1e-08
95	0.365	1e-08
96	0.365	1e-08
97	0.365	1e-08
98	0.365	1e-08
99	0.365	1e-08
100	0.365	1e-08
101	0.365	1e-08
102	0.365	1e-08
103	0.365	1e-08
104	0.355	1e-08
105	0.355	1e-08
106	0.355	1e-08
107	0.355	1e-08
108	0.355	1e-08
109	0.355	1e-08
110	0.355	1e-08
111	0.355	1e-08
112	0.355	1e-08
113	0.355	1e-08
114	0.355	1e-08
115	0.355	1e-08
116	0.355	1e-08
117	0.355	1e-08
118	0.355	1e-08
119	0.355	1e-08
120	0.355	1e-08
121	0.355	1e-08
122	0.355	1e-08
123	0.355	1e-08
124	0.355	1e-08
125	0.355	1e-08
126	0.355	1e-08
127	0.355	1e-08
128	0.355	1e-08
129	0.355	1e-08
130	0.355	1e-08
131	0.355	1e-08
132	0.355	1e-08
133	0.355	1e-08
134	0.355	1e-08
135	0.355	1e-08
136	0.355	1e-08
137	0.355	1e-08
138	0.355	1e-08
139	0.355	1e-08
140	0.355	1e-08
141	0.355	1e-08
142	0.355	1e-08
143	0.355	1e-08
144	0.355	1e-08
145	0.355	1e-08
146	0.355	1e-08
147	0.355	1e-08
148	0.355	1e-08
149	0.355	1e-08
150	0.355	1e-08
151	0.355	1e-08
152	0.355	1e-08
153	0.355	1e-08
154	0.355	1e-08
155	0.355	1e-08
156	0.355	1e-08
157	0.355	1e-08
158	0.355	1e-08
159	0.355	1e-08
160	0.355	1e-08
161	0.355	1e-08
162	0.355	1e-08
163	0.355	1e-08
164	0.355	1e-08
165	0.355	1e-08
166	0.355	1e-08
167	0.355	1e-08
168	0.355	1e-08
169	0.355	1e-08
170	0.355	1e-08
171	0.355	1e-08
172	0.355	1e-08
173	0.355	1e-08
174	0.355	1e-08
175	0.355	1e-08
176	0.355	1e-08
177	0.355	1e-08
178	0.355	1e-08
179	0.355	1e-08
180	0.355	1e-08
181	0.355	1e-08
182	0.355	1e-08
183	0.355	1e-08
184	0.345	1e-08
185	0.345	1e-08
186	0.345	1e-08
187	0.345	1e-08
188	0.345	1e-08
189	0.345	1e-08
190	0.345	1e-08
191	0.345	1e-08
192	0.345	1e-08
193	0.345	1e-08
194	0.345	1e-08
195	0.345	1e-08
196	0.345	1e-08
197	0.345	1e-08
198	0.345	1e-08
199	0.345	1e-08
200	0.345	1e-08
201	0.345	1e-08
202	0.345	1e-08
203	0.345	1e-08
204	0.345	1e-08
205	0.345	1e-08
206	0.345	1e-08
207	0.345	1e-08
208	0.345	1e-08
209	0.345	1e-08
210	0.345	1e-08
211	0.345	1e-08
212	0.345	1e-08
213	0.345	1e-08
214	0.345	1e-08
215	0.345	1e-08
216	0.345	1e-08
217	0.345	1e-08
218	0.345	1e-08
219	0.345	1e-08
220	0.345	1e-08
221	0.345	1e-08
222	0.345	1e-08
223	0.345	1e-08
224	0.345	1e-08
225	0.345	1e-08
226	0.345	1e-08
227	0.345	1e-08
228	0.345	1e-08
229	0.345	1e-08
230	0.345	1e-08
231	0.345	1e-08
232	0.345	1e-08
233	0.345	1e-08
234	0.345	1e-08
235	0.345	1e-08
236	0.345	1e-08
237	0.345	1e-08
238	0.345	1e-08
239	0.345	1e-08
240	0.345	1e-08
241	0.345	1e-08
242	0.345	1e-08
243	0.345	1e-08
244	0.345	1e-08
245	0.345	1e-08
246	0.345	1e-08
247	0.345	1e-08
248	0.345	1e-08
249	0.345	1e-08
250	0.345	1e-08
251	0.345	1e-08
252	0.345	1e-08
253	0.345	1e-08
254	0.345	1e-08
255	0.345	1e-08
256	0.345	1e-08
257	0.345	1e-08
258	0.345	1e-08
259	0.345	1e-08
260	0.345	1e-08
261	0.345	1e-08
262	0.345	1e-08
263	0.345	1e-08
264	0.345	1e-08
265	0.345	1e-08
266	0.345	1e-08
267	0.345	1e-08
268	0.345	1e-08
269	0.345	1e-08
270	0.345	1e-08
271	0.345	1e-08
272	0.345	1e-08
273	0.345	1e-08
274	0.335	1e-08
275	0.335	1e-08
276	0.335	1e-08
277	0.335	1e-08
278	0.335	1e-08
279	0.335	1e-08
280	0.335	1e-08
281	0.335	1e-08
282	0.335	1e-08
283	0.335	1e-08
284	0.335	1e-08
285	0.335	1e-08
286	0.335	1e-08
287	0.335	1e-08
288	0.335	1e-08
289	0.335	1e-08
290	0.335	1e-08
291	0.335	1e-08
292	0.335	1e-08
293	0.335	1e-08
294	0.335	1e-08
295	0.335	1e-08
296	0.335	1e-08
297	0.335	1e-08
298	0.335	1e-08
299	0.335	1e-08
300	0.335	1e-08
301	0.335	1e-08
302	0.335	1e-08
303	0.335	1e-08
304	0.335	1e-08
305	0.335	1e-08
306	0.335	1e-08
307	0.335	1e-08
308	0.335	1e-08
309	0.335	1e-08
310	0.335	1e-08
311	0.335	1e-08
312	0.335	1e-08
313	0.335	1e-08
314	0.335	1e-08
315	0.335	1e-08
316	0.335	1e-08
317	0.335	1e-08
318	0.335	1e-08
319	0.335	1e-08
320	0.335	1e-08
321	0.335	1e-08
322	0.335	1e-08
323	0.335	1e-08
324	0.335	1e-08
325	0.335	1e-08
326	0.335	1e-08
327	0.335	1e-08
328	0.335	1e-08
329	0.335	1e-08
330	0.335	1e-08
331	0.335	1e-08
332	0.335	1e-08
333	0.335	1e-08
334	0.335	1e-08
335	0.335	1e-08
336	0.335	1e-08
337	0.335	1e-08
338	0.335	1e-08
339	0.335	1e-08
340	0.335	1e-08
341	0.335	1e-08
342	0.335	1e-08
343	0.335	1e-08
344	0.335	1e-08
345	0.335	1e-08
346	0.335	1e-08
347	0.335	1e-08
348	0.335	1e-08
349	0.335	1e-08
350	0.335	1e-08
351	0.335	1e-08
352	0.335	1e-08
353	0.335	1e-08
354	0.335	1e-08
355	0.335	1e-08
356	0.335	1e-08
357	0.335	1e-08
358	0.335	1e-08
359	0.335	1e-08
360	0.335	1e-08
361	0.335	1e-08
362	0.335	1e-08
363	0.335	1e-08
364	0.335	1e-08
365	0.335	1e-08
366	0.335	1e-08
367	0.335	1e-08
368	0.335	1e-08
369	0.335	1e-08
370	0.335	1e-08
371	0.335	1e-08
372	0.335	1e-08
373	0.335	1e-08
374	0.335	1e-08
375	0.335	1e-08
376	0.335	1e-08
377	0.335	1e-08
378	0.335	1e-08
379	0.335	1e-08
380	0.335	1e-08
381	0.335	1e-08
382	0.335	1e-08
383	0.335	1e-08
384	0.335	1e-08
385	0.335	1e-08
386	0.335	1e-08
387	0.335	1e-08
388	0.335	1e-08
389	0.335	1e-08
390	0.335	1e-08
391	0.335	1e-08
392	0.335	1e-08
393	0.335	1e-08
394	0.335	1e-08
395	0.335	1e-08
396	0.335	1e-08
397	0.335	1e-08
398	0.335	1e-08
399	0.335	1e-08
400	0.335	1e-08
401	0.335	1e-08
402	0.335	1e-08
403	0.335	1e-08
404	0.335	1e-08
405	0.335	1e-08
406	0.335	1e-08
407	0.335	1e-08
408	0.335	1e-08
409	0.335	1e-08
410	0.335	1e-08
411	0.335	1e-08
412	0.335	1e-08
413	0.335	1e-08
414	0.335	1e-08
415	0.335	1e-08
416	0.335	1e-08
417	0.335	1e-08
418	0.335	1e-08
419	0.335	1e-08
420	0.335	1e-08
421	0.335	1e-08
422	0.335	1e-08
423	0.335	1e-08
424	0.335	1e-08
425	0.335	1e-08
426	0.335	1e-08
427	0.335	1e-08
428	0.335	1e-08
429	0.335	1e-08
430	0.335	1e-08
431	0.335	1e-08
432	0.335	1e-08
433	0.335	1e-08
434	0.335	1e-08
435	0.335	1e-08
436	0.335	1e-08
437	0.335	1e-08
438	0.335	1e-08
439	0.335	1e-08
440	0.335	1e-08
441	0.325	1e-08
442	0.325	1e-08
443	0.325	1e-08
444	0.325	1e-08
445	0.325	1e-08
446	0.325	1e-08
447	0.325	1e-08
448	0.325	1e-08
449	0.325	1e-08
450	0.325	1e-08
451	0.325	1e-08
452	0.325	1e-08
453	0.325	1e-08
454	0.325	1e-08
455	0.325	1e-08
456	0.325	1e-08
457	0.325	1e-08
458	0.325	1e-08
459	0.325	1e-08
460	0.325	1e-08
461	0.325	1e-08
462	0.325	1e-08
463	0.325	1e-08
464	0.325	1e-08
465	0.325	1e-08
466	0.325	1e-08
467	0.325	1e-08
468	0.325	1e-08
469	0.325	1e-08
470	0.325	1e-08
471	0.325	1e-08
472	0.325	1e-08
473	0.325	1e-08
474	0.325	1e-08
475	0.325	1e-08
476	0.325	1e-08
477	0.325	1e-08
478	0.325	1e-08
479	0.325	1e-08
480	0.325	1e-08
481	0.325	1e-08
482	0.325	1e-08
483	0.325	1e-08
484	0.325	1e-08
485	0.325	1e-08
486	0.325	1e-08
487	0.325	1e-08
488	0.325	1e-08
489	0.325	1e-08
490	0.325	1e-08
491	0.325	1e-08
492	0.325	1e-08
493	0.325	1e-08
494	0.325	1e-08
495	0.325	1e-08
496	0.325	1e-08
497	0.325	1e-08
498	0.325	1e-08
499	0.325	1e-08
500	0.325	1e-08
501	0.325	1e-08
502	0.325	1e-08
503	0.325	1e-08
504	0.325	1e-08
505	0.325	1e-08
506	0.325	1e-08
507	0.325	1e-08
508	0.325	1e-08
509	0.325	1e-08
510	0.325	1e-08
511	0.325	1e-08
512	0.325	1e-08
513	0.325	1e-08
514	0.325	1e-08
515	0.325	1e-08
516	0.325	1e-08
517	0.325	1e-08
518	0.325	1e-08
519	0.325	1e-08
520	0.325	1e-08
521	0.325	1e-08
522	0.325	1e-08
523	0.325	1e-08
524	0.325	1e-08
525	0.325	1e-08
526	0.325	1e-08
527	0.325	1e-08
528	0.325	1e-08
529	0.325	1e-08
530	0.325	1e-08
531	0.325	1e-08
532	0.325	1e-08
533	0.325	1e-08
534	0.325	1e-08
535	0.325	1e-08
536	0.325	1e-08
537	0.325	1e-08
538	0.325	1e-08
539	0.325	1e-08
540	0.325	1e-08
541	0.325	1e-08
542	0.325	1e-08
543	0.325	1e-08
544	0.325	1e-08
545	0.325	1e-08
546	0.325	1e-08
547	0.325	1e-08
548	0.325	1e-08
549	0.325	1e-08
550	0.325	1e-08
551	0.325	1e-08
552	0.325	1e-08
553	0.325	1e-08
554	0.325	1e-08
555	0.325	1e-08
556	0.325	1e-08
557	0.325	1e-08
558	0.325	1e-08
559	0.325	1e-08
560	0.325	1e-08
561	0.325	1e-08
562	0.325	1e-08
563	0.325	1e-08
564	0.325	1e-08
565	0.325	1e-08
566	0.325	1e-08
567	0.325	1e-08
568	0.325	1e-08
569	0.325	1e-08
570	0.325	1e-08
571	0.325	1e-08
572	0.325	1e-08
573	0.325	1e-08
574	0.325	1e-08
575	0.325	1e-08
576	0.325	1e-08
577	0.325	1e-08
578	0.325	1e-08
579	0.325	1e-08
580	0.325	1e-08
581	0.325	1e-08
582	0.325	1e-08
583	0.325	1e-08
584	0.325	1e-08
585	0.325	1e-08
586	0.325	1e-08
587	0.325	1e-08
588	0.325	1e-08
589	0.325	1e-08
590	0.325	1e-08
591	0.325	1e-08
592	0.325	1e-08
593	0.325	1e-08
594	0.325	1e-08
595	0.325	1e-08
596	0.325	1e-08
597	0.325	1e-08
598	0.325	1e-08
599	0.325	1e-08
600	0.325	1e-08
601	0.325	1e-08
602	0.325	1e-08
603	0.315	1e-08
604	0.315	1e-08
605	0.315	1e-08
606	0.315	1e-08
607	0.315	1e-08
608	0.315	1e-08
609	0.315	1e-08
610	0.315	1e-08
611	0.315	1e-08
612	0.315	1e-08
613	0.315	1e-08
614	0.315	1e-08
615	0.315	1e-08
616	0.315	1e-08
617	0.315	1e-08
618	0.315	1e-08
619	0.315	1e-08
620	0.315	1e-08
621	0.315	1e-08
622	0.315	1e-08
623	0.315	1e-08
624	0.315	1e-08
625	0.315	1e-08
626	0.315	1e-08
627	0.315	1e-08
628	0.315	1e-08
629	0.315	1e-08
630	0.315	1e-08
631	0.315	1e-08
632	0.315	1e-08
633	0.315	1e-08
634	0.315	1e-08
635	0.315	1e-08
636	0.315	1e-08
637	0.315	1e-08
638	0.315	1e-08
639	0.315	1e-08
640	0.315	1e-08
641	0.315	1e-08
642	0.315	1e-08
643	0.315	1e-08
644	0.315	1e-08
645	0.315	1e-08
646	0.315	1e-08
647	0.315	1e-08
648	0.315	1e-08
649	0.315	1e-08
650	0.315	1e-08
651	0.315	1e-08
652	0.315	1e-08
653	0.315	1e-08
654	0.315	1e-08
655	0.315	1e-08
656	0.305	1e-08
657	0.295	1e-08
658	0.245	1e-08
659	0.245	1e-08
660	0.245	1e-08
661	0.235	1e-08
662	0.205	1e-08
663	0.195	1e-08
664	0.185	1e-08
665	0.185	1e-08
666	0.105	1e-08
667	0.105	1e-08
668	0.095	1e-08
669	0.085	1e-08
670	0.075	1e-08
671	0.065	1e-08
672	0.055	1e-08
673	0.055	1e-08
674	0.055	1e-08
675	0.045	1e-08
676	0.045	1e-08
677	0.045	1e-08
678	0.045	1e-08
679	0.045	1e-08
680	0.035	1e-08
681	0.035	1e-08
682	0.035	1e-08
683	0.035	1e-08
684	0.035	1e-08
685	0.035	1e-08
686	0.025	1e-08
687	0.025	1e-08
688	0.015	1e-08
689	0.015	1e-08
690	0.015	1e-08
691	0.015	1e-08
692	0.015	1e-08
