	time	error
0	7.0	5e-10
1	6.0	5e-10
2	5.5	5e-10
3	5.5	5e-10
4	5.0	5e-10
5	5.0	5e-10
6	4.5	5e-10
7	4.5	5e-10
8	4.5	5e-10
9	4.0	5e-10
10	4.0	5e-10
11	4.0	5e-10
12	4.0	5e-10
13	4.0	5e-10
14	4.0	5e-10
15	4.0	5e-10
16	4.0	5e-10
17	3.5	5e-10
18	3.5	5e-10
19	3.5	5e-10
20	3.5	5e-10
21	3.5	5e-10
22	3.5	5e-10
23	3.5	5e-10
24	3.5	5e-10
25	3.5	5e-10
26	3.5	5e-10
27	3.5	5e-10
28	3.5	5e-10
29	3.5	5e-10
30	3.5	5e-10
31	3.5	5e-10
32	3.5	5e-10
33	3.5	5e-10
34	3.5	5e-10
35	3.5	5e-10
36	3.5	5e-10
37	3.5	5e-10
38	3.5	5e-10
39	3.5	5e-10
40	3.0	5e-10
41	3.0	5e-10
42	3.0	5e-10
43	3.0	5e-10
44	3.0	5e-10
45	3.0	5e-10
46	3.0	5e-10
47	3.0	5e-10
48	3.0	5e-10
49	3.0	5e-10
50	3.0	5e-10
51	3.0	5e-10
52	3.0	5e-10
53	3.0	5e-10
54	3.0	5e-10
55	3.0	5e-10
56	3.0	5e-10
57	3.0	5e-10
58	3.0	5e-10
59	3.0	5e-10
60	3.0	5e-10
61	3.0	5e-10
62	3.0	5e-10
63	3.0	5e-10
64	3.0	5e-10
65	3.0	5e-10
66	3.0	5e-10
67	3.0	5e-10
68	3.0	5e-10
69	3.0	5e-10
70	3.0	5e-10
71	3.0	5e-10
72	3.0	5e-10
73	3.0	5e-10
74	3.0	5e-10
75	3.0	5e-10
76	2.5	5e-10
77	2.5	5e-10
78	2.5	5e-10
79	2.5	5e-10
80	2.5	5e-10
81	2.5	5e-10
82	2.5	5e-10
83	2.5	5e-10
84	2.5	5e-10
85	2.5	5e-10
86	2.5	5e-10
87	2.5	5e-10
88	2.5	5e-10
89	2.5	5e-10
90	2.5	5e-10
91	2.5	5e-10
92	2.5	5e-10
93	2.5	5e-10
94	2.5	5e-10
95	2.5	5e-10
96	2.5	5e-10
97	2.5	5e-10
98	2.5	5e-10
99	2.5	5e-10
100	2.5	5e-10
101	2.5	5e-10
102	2.5	5e-10
103	2.5	5e-10
104	2.5	5e-10
105	2.5	5e-10
106	2.5	5e-10
107	2.5	5e-10
108	2.5	5e-10
109	2.5	5e-10
110	2.5	5e-10
111	2.5	5e-10
112	2.5	5e-10
113	2.5	5e-10
114	2.5	5e-10
115	2.5	5e-10
116	2.5	5e-10
117	2.5	5e-10
118	2.5	5e-10
119	2.5	5e-10
120	2.5	5e-10
121	2.5	5e-10
122	2.5	5e-10
123	2.5	5e-10
124	2.5	5e-10
125	2.5	5e-10
126	2.5	5e-10
127	2.5	5e-10
128	2.5	5e-10
129	2.5	5e-10
130	2.5	5e-10
131	2.5	5e-10
132	2.5	5e-10
133	2.5	5e-10
134	2.5	5e-10
135	2.5	5e-10
136	2.0	5e-10
137	2.0	5e-10
138	2.0	5e-10
139	2.0	5e-10
140	2.0	5e-10
141	2.0	5e-10
142	2.0	5e-10
143	2.0	5e-10
144	2.0	5e-10
145	2.0	5e-10
146	2.0	5e-10
147	2.0	5e-10
148	2.0	5e-10
149	2.0	5e-10
150	2.0	5e-10
151	2.0	5e-10
152	2.0	5e-10
153	2.0	5e-10
154	2.0	5e-10
155	2.0	5e-10
156	2.0	5e-10
157	2.0	5e-10
158	2.0	5e-10
159	2.0	5e-10
160	2.0	5e-10
161	2.0	5e-10
162	2.0	5e-10
163	2.0	5e-10
164	2.0	5e-10
165	2.0	5e-10
166	2.0	5e-10
167	2.0	5e-10
168	2.0	5e-10
169	2.0	5e-10
170	2.0	5e-10
171	2.0	5e-10
172	2.0	5e-10
173	2.0	5e-10
174	2.0	5e-10
175	2.0	5e-10
176	2.0	5e-10
177	2.0	5e-10
178	2.0	5e-10
179	2.0	5e-10
180	2.0	5e-10
181	2.0	5e-10
182	2.0	5e-10
183	2.0	5e-10
184	2.0	5e-10
185	2.0	5e-10
186	2.0	5e-10
187	2.0	5e-10
188	2.0	5e-10
189	2.0	5e-10
190	2.0	5e-10
191	2.0	5e-10
192	2.0	5e-10
193	2.0	5e-10
194	2.0	5e-10
195	2.0	5e-10
196	2.0	5e-10
197	2.0	5e-10
198	2.0	5e-10
199	2.0	5e-10
200	2.0	5e-10
201	2.0	5e-10
202	2.0	5e-10
203	2.0	5e-10
204	2.0	5e-10
205	2.0	5e-10
206	2.0	5e-10
207	2.0	5e-10
208	2.0	5e-10
209	2.0	5e-10
210	2.0	5e-10
211	2.0	5e-10
212	2.0	5e-10
213	2.0	5e-10
214	2.0	5e-10
215	2.0	5e-10
216	2.0	5e-10
217	2.0	5e-10
218	2.0	5e-10
219	2.0	5e-10
220	2.0	5e-10
221	2.0	5e-10
222	2.0	5e-10
223	2.0	5e-10
224	2.0	5e-10
225	2.0	5e-10
226	2.0	5e-10
227	2.0	5e-10
228	2.0	5e-10
229	1.5	5e-10
230	1.5	5e-10
231	1.5	5e-10
232	1.5	5e-10
233	1.5	5e-10
234	1.5	5e-10
235	1.5	5e-10
236	1.5	5e-10
237	1.5	5e-10
238	1.5	5e-10
239	1.5	5e-10
240	1.5	5e-10
241	1.5	5e-10
242	1.5	5e-10
243	1.5	5e-10
244	1.5	5e-10
245	1.5	5e-10
246	1.5	5e-10
247	1.5	5e-10
248	1.5	5e-10
249	1.5	5e-10
250	1.5	5e-10
251	1.5	5e-10
252	1.5	5e-10
253	1.5	5e-10
254	1.5	5e-10
255	1.5	5e-10
256	1.5	5e-10
257	1.5	5e-10
258	1.5	5e-10
259	1.5	5e-10
260	1.5	5e-10
261	1.5	5e-10
262	1.5	5e-10
263	1.5	5e-10
264	1.5	5e-10
265	1.5	5e-10
266	1.5	5e-10
267	1.5	5e-10
268	1.5	5e-10
269	1.5	5e-10
270	1.5	5e-10
271	1.5	5e-10
272	1.5	5e-10
273	1.5	5e-10
274	1.5	5e-10
275	1.5	5e-10
276	1.5	5e-10
277	1.5	5e-10
278	1.5	5e-10
279	1.5	5e-10
280	1.5	5e-10
281	1.5	5e-10
282	1.5	5e-10
283	1.5	5e-10
284	1.5	5e-10
285	1.5	5e-10
286	1.5	5e-10
287	1.5	5e-10
288	1.5	5e-10
289	1.5	5e-10
290	1.5	5e-10
291	1.5	5e-10
292	1.5	5e-10
293	1.5	5e-10
294	1.5	5e-10
295	1.5	5e-10
296	1.5	5e-10
297	1.5	5e-10
298	1.5	5e-10
299	1.5	5e-10
300	1.5	5e-10
301	1.5	5e-10
302	1.5	5e-10
303	1.5	5e-10
304	1.5	5e-10
305	1.5	5e-10
306	1.5	5e-10
307	1.5	5e-10
308	1.5	5e-10
309	1.5	5e-10
310	1.5	5e-10
311	1.5	5e-10
312	1.5	5e-10
313	1.5	5e-10
314	1.5	5e-10
315	1.5	5e-10
316	1.5	5e-10
317	1.5	5e-10
318	1.5	5e-10
319	1.5	5e-10
320	1.5	5e-10
321	1.5	5e-10
322	1.5	5e-10
323	1.5	5e-10
324	1.5	5e-10
325	1.5	5e-10
326	1.5	5e-10
327	1.5	5e-10
328	1.5	5e-10
329	1.5	5e-10
330	1.5	5e-10
331	1.5	5e-10
332	1.5	5e-10
333	1.5	5e-10
334	1.5	5e-10
335	1.5	5e-10
336	1.5	5e-10
337	1.5	5e-10
338	1.5	5e-10
339	1.5	5e-10
340	1.5	5e-10
341	1.5	5e-10
342	1.5	5e-10
343	1.5	5e-10
344	1.5	5e-10
345	1.5	5e-10
346	1.5	5e-10
347	1.5	5e-10
348	1.5	5e-10
349	1.5	5e-10
350	1.5	5e-10
351	1.5	5e-10
352	1.5	5e-10
353	1.5	5e-10
354	1.5	5e-10
355	1.5	5e-10
356	1.5	5e-10
357	1.5	5e-10
358	1.5	5e-10
359	1.5	5e-10
360	1.5	5e-10
361	1.5	5e-10
362	1.5	5e-10
363	1.5	5e-10
364	1.5	5e-10
365	1.5	5e-10
366	1.5	5e-10
367	1.5	5e-10
368	1.5	5e-10
369	1.5	5e-10
370	1.5	5e-10
371	1.5	5e-10
372	1.5	5e-10
373	1.5	5e-10
374	1.5	5e-10
375	1.5	5e-10
376	1.5	5e-10
377	1.5	5e-10
378	1.5	5e-10
379	1.5	5e-10
380	1.5	5e-10
381	1.0	5e-10
382	1.0	5e-10
383	1.0	5e-10
384	1.0	5e-10
385	1.0	5e-10
386	1.0	5e-10
387	1.0	5e-10
388	1.0	5e-10
389	1.0	5e-10
390	1.0	5e-10
391	1.0	5e-10
392	1.0	5e-10
393	1.0	5e-10
394	1.0	5e-10
395	1.0	5e-10
396	1.0	5e-10
397	1.0	5e-10
398	1.0	5e-10
399	1.0	5e-10
400	1.0	5e-10
401	1.0	5e-10
402	1.0	5e-10
403	1.0	5e-10
404	1.0	5e-10
405	1.0	5e-10
406	1.0	5e-10
407	1.0	5e-10
408	1.0	5e-10
409	1.0	5e-10
410	1.0	5e-10
411	1.0	5e-10
412	1.0	5e-10
413	1.0	5e-10
414	1.0	5e-10
415	1.0	5e-10
416	1.0	5e-10
417	1.0	5e-10
418	1.0	5e-10
419	1.0	5e-10
420	1.0	5e-10
421	1.0	5e-10
422	1.0	5e-10
423	1.0	5e-10
424	1.0	5e-10
425	1.0	5e-10
426	1.0	5e-10
427	1.0	5e-10
428	1.0	5e-10
429	1.0	5e-10
430	1.0	5e-10
431	1.0	5e-10
432	1.0	5e-10
433	1.0	5e-10
434	1.0	5e-10
435	1.0	5e-10
436	1.0	5e-10
437	1.0	5e-10
438	1.0	5e-10
439	1.0	5e-10
440	1.0	5e-10
441	1.0	5e-10
442	1.0	5e-10
443	1.0	5e-10
444	1.0	5e-10
445	1.0	5e-10
446	1.0	5e-10
447	1.0	5e-10
448	1.0	5e-10
449	1.0	5e-10
450	1.0	5e-10
451	1.0	5e-10
452	1.0	5e-10
453	1.0	5e-10
454	1.0	5e-10
455	1.0	5e-10
456	1.0	5e-10
457	1.0	5e-10
458	1.0	5e-10
459	1.0	5e-10
460	1.0	5e-10
461	1.0	5e-10
462	1.0	5e-10
463	1.0	5e-10
464	1.0	5e-10
465	1.0	5e-10
466	1.0	5e-10
467	1.0	5e-10
468	1.0	5e-10
469	1.0	5e-10
470	1.0	5e-10
471	1.0	5e-10
472	1.0	5e-10
473	1.0	5e-10
474	1.0	5e-10
475	1.0	5e-10
476	1.0	5e-10
477	1.0	5e-10
478	1.0	5e-10
479	1.0	5e-10
480	1.0	5e-10
481	1.0	5e-10
482	1.0	5e-10
483	1.0	5e-10
484	1.0	5e-10
485	1.0	5e-10
486	1.0	5e-10
487	1.0	5e-10
488	1.0	5e-10
489	1.0	5e-10
490	1.0	5e-10
491	1.0	5e-10
492	1.0	5e-10
493	1.0	5e-10
494	1.0	5e-10
495	1.0	5e-10
496	1.0	5e-10
497	1.0	5e-10
498	1.0	5e-10
499	1.0	5e-10
500	1.0	5e-10
501	1.0	5e-10
502	1.0	5e-10
503	1.0	5e-10
504	1.0	5e-10
505	1.0	5e-10
506	1.0	5e-10
507	1.0	5e-10
508	1.0	5e-10
509	1.0	5e-10
510	1.0	5e-10
511	1.0	5e-10
512	1.0	5e-10
513	1.0	5e-10
514	1.0	5e-10
515	1.0	5e-10
516	1.0	5e-10
517	1.0	5e-10
518	1.0	5e-10
519	1.0	5e-10
520	1.0	5e-10
521	1.0	5e-10
522	1.0	5e-10
523	1.0	5e-10
524	1.0	5e-10
525	1.0	5e-10
526	1.0	5e-10
527	1.0	5e-10
528	1.0	5e-10
529	1.0	5e-10
530	1.0	5e-10
531	1.0	5e-10
532	1.0	5e-10
533	1.0	5e-10
534	1.0	5e-10
535	1.0	5e-10
536	1.0	5e-10
537	1.0	5e-10
538	1.0	5e-10
539	1.0	5e-10
540	1.0	5e-10
541	1.0	5e-10
542	1.0	5e-10
543	1.0	5e-10
544	1.0	5e-10
545	1.0	5e-10
546	1.0	5e-10
547	1.0	5e-10
548	1.0	5e-10
549	1.0	5e-10
550	1.0	5e-10
551	1.0	5e-10
552	1.0	5e-10
553	1.0	5e-10
554	1.0	5e-10
555	1.0	5e-10
556	1.0	5e-10
557	1.0	5e-10
558	1.0	5e-10
559	1.0	5e-10
560	1.0	5e-10
561	1.0	5e-10
562	1.0	5e-10
563	1.0	5e-10
564	1.0	5e-10
565	1.0	5e-10
566	1.0	5e-10
567	1.0	5e-10
568	1.0	5e-10
569	1.0	5e-10
570	1.0	5e-10
571	1.0	5e-10
572	1.0	5e-10
573	1.0	5e-10
574	1.0	5e-10
575	1.0	5e-10
576	1.0	5e-10
577	1.0	5e-10
578	1.0	5e-10
579	1.0	5e-10
580	1.0	5e-10
581	1.0	5e-10
582	1.0	5e-10
583	1.0	5e-10
584	1.0	5e-10
585	1.0	5e-10
586	1.0	5e-10
587	1.0	5e-10
588	1.0	5e-10
589	1.0	5e-10
590	1.0	5e-10
591	1.0	5e-10
592	1.0	5e-10
593	1.0	5e-10
594	1.0	5e-10
595	1.0	5e-10
596	0.5	5e-10
597	0.5	5e-10
598	0.5	5e-10
599	0.5	5e-10
600	0.5	5e-10
601	0.5	5e-10
602	0.5	5e-10
603	0.5	5e-10
604	0.5	5e-10
605	0.5	5e-10
606	0.5	5e-10
607	0.5	5e-10
608	0.5	5e-10
609	0.5	5e-10
610	0.5	5e-10
611	0.5	5e-10
612	0.5	5e-10
613	0.5	5e-10
614	0.5	5e-10
615	0.5	5e-10
616	0.5	5e-10
617	0.5	5e-10
618	0.5	5e-10
619	0.5	5e-10
620	0.5	5e-10
621	0.5	5e-10
622	0.5	5e-10
623	0.5	5e-10
624	0.5	5e-10
625	0.5	5e-10
626	0.5	5e-10
627	0.5	5e-10
628	0.5	5e-10
629	0.5	5e-10
630	0.5	5e-10
631	0.5	5e-10
632	0.5	5e-10
633	0.5	5e-10
634	0.5	5e-10
635	0.5	5e-10
636	0.5	5e-10
637	0.5	5e-10
638	0.5	5e-10
639	0.5	5e-10
640	0.5	5e-10
641	0.5	5e-10
642	0.5	5e-10
643	0.5	5e-10
644	0.5	5e-10
645	0.5	5e-10
646	0.5	5e-10
647	0.5	5e-10
648	0.5	5e-10
649	0.5	5e-10
650	0.5	5e-10
651	0.5	5e-10
652	0.5	5e-10
653	0.5	5e-10
654	0.5	5e-10
655	0.5	5e-10
656	0.5	5e-10
657	0.5	5e-10
658	0.5	5e-10
659	0.5	5e-10
660	0.5	5e-10
661	0.5	5e-10
662	0.5	5e-10
663	0.5	5e-10
664	0.5	5e-10
665	0.5	5e-10
666	0.5	5e-10
667	0.5	5e-10
668	0.5	5e-10
669	0.5	5e-10
670	0.5	5e-10
671	0.5	5e-10
672	0.5	5e-10
673	0.5	5e-10
674	0.5	5e-10
675	0.5	5e-10
676	0.5	5e-10
677	0.5	5e-10
678	0.5	5e-10
679	0.5	5e-10
680	0.5	5e-10
681	0.5	5e-10
682	0.5	5e-10
683	0.5	5e-10
684	0.5	5e-10
685	0.5	5e-10
686	0.5	5e-10
687	0.5	5e-10
688	0.5	5e-10
689	0.5	5e-10
690	0.5	5e-10
691	0.5	5e-10
692	0.5	5e-10
693	0.5	5e-10
694	0.5	5e-10
695	0.5	5e-10
696	0.5	5e-10
697	0.5	5e-10
698	0.5	5e-10
699	0.5	5e-10
700	0.5	5e-10
701	0.5	5e-10
702	0.5	5e-10
703	0.5	5e-10
704	0.5	5e-10
705	0.5	5e-10
706	0.5	5e-10
707	0.5	5e-10
708	0.5	5e-10
709	0.5	5e-10
710	0.5	5e-10
711	0.5	5e-10
712	0.5	5e-10
713	0.5	5e-10
714	0.5	5e-10
715	0.5	5e-10
716	0.5	5e-10
717	0.5	5e-10
718	0.5	5e-10
719	0.5	5e-10
720	0.5	5e-10
721	0.5	5e-10
722	0.5	5e-10
723	0.5	5e-10
724	0.5	5e-10
725	0.5	5e-10
726	0.5	5e-10
727	0.5	5e-10
728	0.5	5e-10
729	0.5	5e-10
730	0.5	5e-10
731	0.5	5e-10
732	0.5	5e-10
733	0.5	5e-10
734	0.5	5e-10
735	0.5	5e-10
736	0.5	5e-10
737	0.5	5e-10
738	0.5	5e-10
739	0.5	5e-10
740	0.5	5e-10
741	0.5	5e-10
742	0.5	5e-10
743	0.5	5e-10
744	0.5	5e-10
745	0.5	5e-10
746	0.5	5e-10
747	0.5	5e-10
748	0.5	5e-10
749	0.5	5e-10
750	0.5	5e-10
751	0.5	5e-10
752	0.5	5e-10
753	0.5	5e-10
754	0.5	5e-10
755	0.5	5e-10
756	0.5	5e-10
757	0.5	5e-10
758	0.5	5e-10
759	0.5	5e-10
760	0.5	5e-10
761	0.5	5e-10
762	0.5	5e-10
763	0.5	5e-10
764	0.5	5e-10
765	0.5	5e-10
766	0.5	5e-10
767	0.5	5e-10
768	0.5	5e-10
769	0.5	5e-10
770	0.5	5e-10
771	0.5	5e-10
772	0.5	5e-10
773	0.5	5e-10
774	0.5	5e-10
775	0.5	5e-10
776	0.5	5e-10
777	0.5	5e-10
778	0.5	5e-10
779	0.5	5e-10
780	0.5	5e-10
781	0.5	5e-10
782	0.5	5e-10
783	0.5	5e-10
784	0.5	5e-10
785	0.5	5e-10
786	0.5	5e-10
787	0.5	5e-10
788	0.5	5e-10
789	0.5	5e-10
790	0.5	5e-10
791	0.5	5e-10
792	0.5	5e-10
793	0.5	5e-10
794	0.5	5e-10
795	0.5	5e-10
796	0.5	5e-10
797	0.5	5e-10
798	0.5	5e-10
799	0.5	5e-10
800	0.5	5e-10
801	0.5	5e-10
802	0.5	5e-10
803	0.5	5e-10
804	0.5	5e-10
805	0.5	5e-10
806	0.5	5e-10
807	0.5	5e-10
808	0.5	5e-10
809	0.5	5e-10
810	0.5	5e-10
811	0.5	5e-10
812	0.5	5e-10
813	0.5	5e-10
814	0.5	5e-10
815	0.5	5e-10
816	0.5	5e-10
817	0.5	5e-10
818	0.5	5e-10
819	0.5	5e-10
820	0.5	5e-10
821	0.5	5e-10
822	0.5	5e-10
823	0.5	5e-10
824	0.5	5e-10
825	0.5	5e-10
826	0.5	5e-10
827	0.5	5e-10
828	0.5	5e-10
829	0.5	5e-10
830	0.5	5e-10
831	0.5	5e-10
832	0.5	5e-10
833	0.5	5e-10
834	0.5	5e-10
835	0.5	5e-10
836	0.5	5e-10
837	0.5	5e-10
838	0.5	5e-10
839	0.5	5e-10
840	0.5	5e-10
841	0.5	5e-10
842	0.5	5e-10
843	0.5	5e-10
844	0.5	5e-10
845	0.5	5e-10
846	0.5	5e-10
847	0.5	5e-10
848	0.5	5e-10
849	0.5	5e-10
850	0.5	5e-10
851	0.5	5e-10
852	0.5	5e-10
853	0.5	5e-10
854	0.5	5e-10
855	0.5	5e-10
856	0.5	5e-10
857	0.5	5e-10
858	0.5	5e-10
859	-0.5	5e-10
860	-0.5	5e-10
861	-0.5	5e-10
862	-0.5	5e-10
863	-0.5	5e-10
864	-0.5	5e-10
865	-0.5	5e-10
866	-0.5	5e-10
867	-0.5	5e-10
868	-0.5	5e-10
869	-0.5	5e-10
870	-0.5	5e-10
871	-0.5	5e-10
872	-0.5	5e-10
873	-0.5	5e-10
874	-0.5	5e-10
875	-0.5	5e-10
876	-0.5	5e-10
877	-0.5	5e-10
878	-0.5	5e-10
879	-0.5	5e-10
880	-0.5	5e-10
881	-0.5	5e-10
882	-0.5	5e-10
883	-0.5	5e-10
884	-0.5	5e-10
885	-0.5	5e-10
886	-0.5	5e-10
887	-0.5	5e-10
888	-0.5	5e-10
889	-0.5	5e-10
890	-0.5	5e-10
891	-0.5	5e-10
892	-0.5	5e-10
893	-0.5	5e-10
894	-0.5	5e-10
895	-0.5	5e-10
896	-0.5	5e-10
897	-0.5	5e-10
898	-0.5	5e-10
899	-0.5	5e-10
900	-0.5	5e-10
901	-0.5	5e-10
902	-0.5	5e-10
903	-0.5	5e-10
904	-0.5	5e-10
905	-0.5	5e-10
906	-0.5	5e-10
907	-0.5	5e-10
908	-0.5	5e-10
909	-0.5	5e-10
910	-0.5	5e-10
911	-0.5	5e-10
912	-0.5	5e-10
913	-0.5	5e-10
914	-0.5	5e-10
915	-0.5	5e-10
916	-0.5	5e-10
917	-0.5	5e-10
918	-0.5	5e-10
919	-0.5	5e-10
920	-0.5	5e-10
921	-0.5	5e-10
922	-0.5	5e-10
923	-0.5	5e-10
924	-0.5	5e-10
925	-0.5	5e-10
926	-0.5	5e-10
927	-0.5	5e-10
928	-0.5	5e-10
929	-0.5	5e-10
930	-0.5	5e-10
931	-0.5	5e-10
932	-0.5	5e-10
933	-0.5	5e-10
934	-0.5	5e-10
935	-0.5	5e-10
936	-0.5	5e-10
937	-0.5	5e-10
938	-0.5	5e-10
939	-0.5	5e-10
940	-0.5	5e-10
941	-0.5	5e-10
942	-0.5	5e-10
943	-0.5	5e-10
944	-0.5	5e-10
945	-0.5	5e-10
946	-0.5	5e-10
947	-0.5	5e-10
948	-0.5	5e-10
949	-0.5	5e-10
950	-0.5	5e-10
951	-0.5	5e-10
952	-0.5	5e-10
953	-0.5	5e-10
954	-0.5	5e-10
955	-0.5	5e-10
956	-0.5	5e-10
957	-0.5	5e-10
958	-0.5	5e-10
959	-0.5	5e-10
960	-0.5	5e-10
961	-0.5	5e-10
962	-0.5	5e-10
963	-0.5	5e-10
964	-0.5	5e-10
965	-0.5	5e-10
966	-0.5	5e-10
967	-0.5	5e-10
968	-0.5	5e-10
969	-0.5	5e-10
970	-0.5	5e-10
971	-0.5	5e-10
972	-0.5	5e-10
973	-0.5	5e-10
974	-0.5	5e-10
975	-0.5	5e-10
976	-0.5	5e-10
977	-0.5	5e-10
978	-0.5	5e-10
979	-0.5	5e-10
980	-0.5	5e-10
981	-0.5	5e-10
982	-0.5	5e-10
983	-0.5	5e-10
984	-0.5	5e-10
985	-0.5	5e-10
986	-0.5	5e-10
987	-0.5	5e-10
988	-0.5	5e-10
989	-0.5	5e-10
990	-0.5	5e-10
991	-0.5	5e-10
992	-0.5	5e-10
993	-0.5	5e-10
994	-0.5	5e-10
995	-0.5	5e-10
996	-0.5	5e-10
997	-0.5	5e-10
998	-0.5	5e-10
999	-0.5	5e-10
1000	-0.5	5e-10
1001	-0.5	5e-10
1002	-0.5	5e-10
1003	-0.5	5e-10
1004	-0.5	5e-10
1005	-0.5	5e-10
1006	-0.5	5e-10
1007	-0.5	5e-10
1008	-0.5	5e-10
1009	-0.5	5e-10
1010	-0.5	5e-10
1011	-0.5	5e-10
1012	-0.5	5e-10
1013	-0.5	5e-10
1014	-0.5	5e-10
1015	-0.5	5e-10
1016	-0.5	5e-10
1017	-0.5	5e-10
1018	-0.5	5e-10
1019	-0.5	5e-10
1020	-0.5	5e-10
1021	-0.5	5e-10
1022	-0.5	5e-10
1023	-0.5	5e-10
1024	-0.5	5e-10
1025	-0.5	5e-10
1026	-0.5	5e-10
1027	-0.5	5e-10
1028	-0.5	5e-10
1029	-0.5	5e-10
1030	-0.5	5e-10
1031	-0.5	5e-10
1032	-0.5	5e-10
1033	-0.5	5e-10
1034	-0.5	5e-10
1035	-0.5	5e-10
1036	-0.5	5e-10
1037	-0.5	5e-10
1038	-0.5	5e-10
1039	-0.5	5e-10
1040	-0.5	5e-10
1041	-0.5	5e-10
1042	-0.5	5e-10
1043	-0.5	5e-10
1044	-0.5	5e-10
1045	-0.5	5e-10
1046	-0.5	5e-10
1047	-0.5	5e-10
1048	-0.5	5e-10
1049	-0.5	5e-10
1050	-0.5	5e-10
1051	-0.5	5e-10
1052	-0.5	5e-10
1053	-0.5	5e-10
1054	-0.5	5e-10
1055	-0.5	5e-10
1056	-0.5	5e-10
1057	-0.5	5e-10
1058	-0.5	5e-10
1059	-0.5	5e-10
1060	-0.5	5e-10
1061	-0.5	5e-10
1062	-0.5	5e-10
1063	-0.5	5e-10
1064	-0.5	5e-10
1065	-0.5	5e-10
1066	-0.5	5e-10
1067	-0.5	5e-10
1068	-0.5	5e-10
1069	-0.5	5e-10
1070	-0.5	5e-10
1071	-0.5	5e-10
1072	-0.5	5e-10
1073	-0.5	5e-10
1074	-0.5	5e-10
1075	-0.5	5e-10
1076	-0.5	5e-10
1077	-0.5	5e-10
1078	-0.5	5e-10
1079	-0.5	5e-10
1080	-0.5	5e-10
1081	-0.5	5e-10
1082	-0.5	5e-10
1083	-0.5	5e-10
1084	-0.5	5e-10
1085	-0.5	5e-10
1086	-0.5	5e-10
1087	-0.5	5e-10
1088	-0.5	5e-10
1089	-0.5	5e-10
1090	-0.5	5e-10
1091	-0.5	5e-10
1092	-0.5	5e-10
1093	-0.5	5e-10
1094	-0.5	5e-10
1095	-0.5	5e-10
1096	-0.5	5e-10
1097	-0.5	5e-10
1098	-0.5	5e-10
1099	-0.5	5e-10
1100	-0.5	5e-10
1101	-0.5	5e-10
1102	-0.5	5e-10
1103	-0.5	5e-10
1104	-0.5	5e-10
1105	-0.5	5e-10
1106	-0.5	5e-10
1107	-0.5	5e-10
1108	-0.5	5e-10
1109	-0.5	5e-10
1110	-0.5	5e-10
1111	-0.5	5e-10
1112	-0.5	5e-10
1113	-0.5	5e-10
1114	-0.5	5e-10
1115	-0.5	5e-10
1116	-0.5	5e-10
1117	-0.5	5e-10
1118	-0.5	5e-10
1119	-0.5	5e-10
1120	-0.5	5e-10
1121	-0.5	5e-10
1122	-0.5	5e-10
1123	-0.5	5e-10
1124	-0.5	5e-10
1125	-0.5	5e-10
1126	-0.5	5e-10
1127	-0.5	5e-10
1128	-0.5	5e-10
1129	-0.5	5e-10
1130	-0.5	5e-10
1131	-0.5	5e-10
1132	-0.5	5e-10
1133	-0.5	5e-10
1134	-0.5	5e-10
1135	-0.5	5e-10
1136	-0.5	5e-10
1137	-0.5	5e-10
1138	-0.5	5e-10
1139	-0.5	5e-10
1140	-0.5	5e-10
1141	-0.5	5e-10
1142	-0.5	5e-10
1143	-0.5	5e-10
1144	-0.5	5e-10
1145	-0.5	5e-10
1146	-0.5	5e-10
1147	-0.5	5e-10
1148	-0.5	5e-10
1149	-0.5	5e-10
1150	-0.5	5e-10
1151	-0.5	5e-10
1152	-0.5	5e-10
1153	-0.5	5e-10
1154	-0.5	5e-10
1155	-0.5	5e-10
1156	-0.5	5e-10
1157	-0.5	5e-10
1158	-0.5	5e-10
1159	-0.5	5e-10
1160	-0.5	5e-10
1161	-0.5	5e-10
1162	-0.5	5e-10
1163	-0.5	5e-10
1164	-0.5	5e-10
1165	-0.5	5e-10
1166	-0.5	5e-10
1167	-0.5	5e-10
1168	-0.5	5e-10
1169	-0.5	5e-10
1170	-0.5	5e-10
1171	-0.5	5e-10
1172	-0.5	5e-10
1173	-0.5	5e-10
1174	-0.5	5e-10
1175	-0.5	5e-10
1176	-0.5	5e-10
1177	-0.5	5e-10
1178	-0.5	5e-10
1179	-0.5	5e-10
1180	-0.5	5e-10
1181	-0.5	5e-10
1182	-0.5	5e-10
1183	-0.5	5e-10
1184	-0.5	5e-10
1185	-0.5	5e-10
1186	-0.5	5e-10
1187	-0.5	5e-10
1188	-0.5	5e-10
1189	-0.5	5e-10
1190	-0.5	5e-10
1191	-0.5	5e-10
1192	-0.5	5e-10
1193	-0.5	5e-10
1194	-0.5	5e-10
1195	-0.5	5e-10
1196	-0.5	5e-10
1197	-0.5	5e-10
1198	-0.5	5e-10
1199	-0.5	5e-10
1200	-0.5	5e-10
1201	-0.5	5e-10
1202	-0.5	5e-10
1203	-0.5	5e-10
1204	-0.5	5e-10
1205	-0.5	5e-10
1206	-0.5	5e-10
1207	-0.5	5e-10
1208	-0.5	5e-10
1209	-0.5	5e-10
1210	-0.5	5e-10
1211	-0.5	5e-10
1212	-0.5	5e-10
1213	-0.5	5e-10
1214	-0.5	5e-10
1215	-0.5	5e-10
1216	-0.5	5e-10
1217	-0.5	5e-10
1218	-0.5	5e-10
1219	-0.5	5e-10
1220	-0.5	5e-10
1221	-0.5	5e-10
1222	-0.5	5e-10
1223	-0.5	5e-10
1224	-0.5	5e-10
1225	-0.5	5e-10
1226	-0.5	5e-10
1227	-0.5	5e-10
1228	-0.5	5e-10
1229	-0.5	5e-10
1230	-0.5	5e-10
1231	-0.5	5e-10
1232	-0.5	5e-10
1233	-0.5	5e-10
1234	-0.5	5e-10
1235	-0.5	5e-10
1236	-0.5	5e-10
1237	-0.5	5e-10
1238	-0.5	5e-10
1239	-0.5	5e-10
1240	-0.5	5e-10
1241	-0.5	5e-10
1242	-0.5	5e-10
1243	-0.5	5e-10
1244	-0.5	5e-10
1245	-0.5	5e-10
1246	-0.5	5e-10
1247	-0.5	5e-10
1248	-0.5	5e-10
1249	-0.5	5e-10
1250	-0.5	5e-10
1251	-0.5	5e-10
1252	-0.5	5e-10
1253	-0.5	5e-10
1254	-0.5	5e-10
1255	-0.5	5e-10
1256	-0.5	5e-10
1257	-0.5	5e-10
1258	-0.5	5e-10
1259	-0.5	5e-10
1260	-0.5	5e-10
1261	-0.5	5e-10
1262	-0.5	5e-10
1263	-0.5	5e-10
1264	-0.5	5e-10
1265	-0.5	5e-10
1266	-0.5	5e-10
1267	-0.5	5e-10
1268	-0.5	5e-10
1269	-0.5	5e-10
1270	-0.5	5e-10
1271	-0.5	5e-10
1272	-0.5	5e-10
1273	-0.5	5e-10
1274	-0.5	5e-10
1275	-0.5	5e-10
1276	-0.5	5e-10
1277	-0.5	5e-10
1278	-0.5	5e-10
1279	-0.5	5e-10
1280	-0.5	5e-10
1281	-0.5	5e-10
1282	-0.5	5e-10
1283	-0.5	5e-10
1284	-0.5	5e-10
1285	-0.5	5e-10
1286	-0.5	5e-10
1287	-0.5	5e-10
1288	-0.5	5e-10
1289	-0.5	5e-10
1290	-0.5	5e-10
1291	-0.5	5e-10
1292	-0.5	5e-10
1293	-0.5	5e-10
1294	-0.5	5e-10
1295	-0.5	5e-10
1296	-0.5	5e-10
1297	-0.5	5e-10
1298	-0.5	5e-10
1299	-0.5	5e-10
1300	-0.5	5e-10
1301	-0.5	5e-10
1302	-0.5	5e-10
1303	-0.5	5e-10
1304	-0.5	5e-10
1305	-0.5	5e-10
1306	-0.5	5e-10
1307	-0.5	5e-10
1308	-0.5	5e-10
1309	-0.5	5e-10
1310	-0.5	5e-10
1311	-0.5	5e-10
1312	-0.5	5e-10
1313	-0.5	5e-10
1314	-0.5	5e-10
1315	-0.5	5e-10
1316	-0.5	5e-10
1317	-0.5	5e-10
1318	-0.5	5e-10
1319	-0.5	5e-10
1320	-0.5	5e-10
1321	-0.5	5e-10
1322	-0.5	5e-10
1323	-0.5	5e-10
1324	-0.5	5e-10
1325	-0.5	5e-10
1326	-0.5	5e-10
1327	-1.0	5e-10
1328	-1.0	5e-10
1329	-1.0	5e-10
1330	-1.0	5e-10
1331	-1.0	5e-10
1332	-1.0	5e-10
1333	-1.0	5e-10
1334	-1.0	5e-10
1335	-1.0	5e-10
1336	-1.0	5e-10
1337	-1.0	5e-10
1338	-1.0	5e-10
1339	-1.0	5e-10
1340	-1.0	5e-10
1341	-1.0	5e-10
1342	-1.0	5e-10
1343	-1.0	5e-10
1344	-1.0	5e-10
1345	-1.0	5e-10
1346	-1.0	5e-10
1347	-1.0	5e-10
1348	-1.0	5e-10
1349	-1.0	5e-10
1350	-1.0	5e-10
1351	-1.0	5e-10
1352	-1.0	5e-10
1353	-1.0	5e-10
1354	-1.0	5e-10
1355	-1.0	5e-10
1356	-1.0	5e-10
1357	-1.0	5e-10
1358	-1.0	5e-10
1359	-1.0	5e-10
1360	-1.0	5e-10
1361	-1.0	5e-10
1362	-1.0	5e-10
1363	-1.0	5e-10
1364	-1.0	5e-10
1365	-1.0	5e-10
1366	-1.0	5e-10
1367	-1.0	5e-10
1368	-1.0	5e-10
1369	-1.0	5e-10
1370	-1.0	5e-10
1371	-1.0	5e-10
1372	-1.0	5e-10
1373	-1.0	5e-10
1374	-1.0	5e-10
1375	-1.0	5e-10
1376	-1.0	5e-10
1377	-1.0	5e-10
1378	-1.0	5e-10
1379	-1.0	5e-10
1380	-1.0	5e-10
1381	-1.0	5e-10
1382	-1.0	5e-10
1383	-1.0	5e-10
1384	-1.0	5e-10
1385	-1.0	5e-10
1386	-1.0	5e-10
1387	-1.0	5e-10
1388	-1.0	5e-10
1389	-1.0	5e-10
1390	-1.0	5e-10
1391	-1.0	5e-10
1392	-1.0	5e-10
1393	-1.0	5e-10
1394	-1.0	5e-10
1395	-1.0	5e-10
1396	-1.0	5e-10
1397	-1.0	5e-10
1398	-1.0	5e-10
1399	-1.0	5e-10
1400	-1.0	5e-10
1401	-1.0	5e-10
1402	-1.0	5e-10
1403	-1.0	5e-10
1404	-1.0	5e-10
1405	-1.0	5e-10
1406	-1.0	5e-10
1407	-1.0	5e-10
1408	-1.0	5e-10
1409	-1.0	5e-10
1410	-1.0	5e-10
1411	-1.0	5e-10
1412	-1.0	5e-10
1413	-1.0	5e-10
1414	-1.0	5e-10
1415	-1.0	5e-10
1416	-1.0	5e-10
1417	-1.0	5e-10
1418	-1.0	5e-10
1419	-1.0	5e-10
1420	-1.0	5e-10
1421	-1.0	5e-10
1422	-1.0	5e-10
1423	-1.0	5e-10
1424	-1.0	5e-10
1425	-1.0	5e-10
1426	-1.0	5e-10
1427	-1.0	5e-10
1428	-1.0	5e-10
1429	-1.0	5e-10
1430	-1.0	5e-10
1431	-1.0	5e-10
1432	-1.0	5e-10
1433	-1.0	5e-10
1434	-1.0	5e-10
1435	-1.0	5e-10
1436	-1.0	5e-10
1437	-1.0	5e-10
1438	-1.0	5e-10
1439	-1.0	5e-10
1440	-1.0	5e-10
1441	-1.0	5e-10
1442	-1.0	5e-10
1443	-1.0	5e-10
1444	-1.0	5e-10
1445	-1.0	5e-10
1446	-1.0	5e-10
1447	-1.0	5e-10
1448	-1.0	5e-10
1449	-1.0	5e-10
1450	-1.0	5e-10
1451	-1.0	5e-10
1452	-1.0	5e-10
1453	-1.0	5e-10
1454	-1.0	5e-10
1455	-1.0	5e-10
1456	-1.0	5e-10
1457	-1.0	5e-10
1458	-1.0	5e-10
1459	-1.0	5e-10
1460	-1.0	5e-10
1461	-1.0	5e-10
1462	-1.0	5e-10
1463	-1.0	5e-10
1464	-1.0	5e-10
1465	-1.0	5e-10
1466	-1.0	5e-10
1467	-1.0	5e-10
1468	-1.0	5e-10
1469	-1.0	5e-10
1470	-1.0	5e-10
1471	-1.0	5e-10
1472	-1.0	5e-10
1473	-1.0	5e-10
1474	-1.0	5e-10
1475	-1.0	5e-10
1476	-1.0	5e-10
1477	-1.0	5e-10
1478	-1.0	5e-10
1479	-1.0	5e-10
1480	-1.0	5e-10
1481	-1.0	5e-10
1482	-1.0	5e-10
1483	-1.0	5e-10
1484	-1.0	5e-10
1485	-1.0	5e-10
1486	-1.0	5e-10
1487	-1.0	5e-10
1488	-1.0	5e-10
1489	-1.0	5e-10
1490	-1.0	5e-10
1491	-1.0	5e-10
1492	-1.0	5e-10
1493	-1.0	5e-10
1494	-1.0	5e-10
1495	-1.0	5e-10
1496	-1.0	5e-10
1497	-1.0	5e-10
1498	-1.0	5e-10
1499	-1.0	5e-10
1500	-1.0	5e-10
1501	-1.0	5e-10
1502	-1.0	5e-10
1503	-1.0	5e-10
1504	-1.0	5e-10
1505	-1.0	5e-10
1506	-1.0	5e-10
1507	-1.0	5e-10
1508	-1.0	5e-10
1509	-1.0	5e-10
1510	-1.0	5e-10
1511	-1.0	5e-10
1512	-1.0	5e-10
1513	-1.0	5e-10
1514	-1.0	5e-10
1515	-1.0	5e-10
1516	-1.0	5e-10
1517	-1.0	5e-10
1518	-1.0	5e-10
1519	-1.0	5e-10
1520	-1.0	5e-10
1521	-1.0	5e-10
1522	-1.0	5e-10
1523	-1.0	5e-10
1524	-1.0	5e-10
1525	-1.0	5e-10
1526	-1.0	5e-10
1527	-1.0	5e-10
1528	-1.0	5e-10
1529	-1.0	5e-10
1530	-1.0	5e-10
1531	-1.0	5e-10
1532	-1.0	5e-10
1533	-1.0	5e-10
1534	-1.0	5e-10
1535	-1.0	5e-10
1536	-1.0	5e-10
1537	-1.0	5e-10
1538	-1.0	5e-10
1539	-1.0	5e-10
1540	-1.0	5e-10
1541	-1.0	5e-10
1542	-1.0	5e-10
1543	-1.0	5e-10
1544	-1.0	5e-10
1545	-1.0	5e-10
1546	-1.0	5e-10
1547	-1.0	5e-10
1548	-1.0	5e-10
1549	-1.0	5e-10
1550	-1.0	5e-10
1551	-1.0	5e-10
1552	-1.0	5e-10
1553	-1.0	5e-10
1554	-1.0	5e-10
1555	-1.0	5e-10
1556	-1.0	5e-10
1557	-1.0	5e-10
1558	-1.0	5e-10
1559	-1.0	5e-10
1560	-1.0	5e-10
1561	-1.0	5e-10
1562	-1.0	5e-10
1563	-1.0	5e-10
1564	-1.0	5e-10
1565	-1.0	5e-10
1566	-1.0	5e-10
1567	-1.0	5e-10
1568	-1.0	5e-10
1569	-1.0	5e-10
1570	-1.0	5e-10
1571	-1.0	5e-10
1572	-1.0	5e-10
1573	-1.0	5e-10
1574	-1.0	5e-10
1575	-1.0	5e-10
1576	-1.0	5e-10
1577	-1.0	5e-10
1578	-1.0	5e-10
1579	-1.0	5e-10
1580	-1.0	5e-10
1581	-1.0	5e-10
1582	-1.0	5e-10
1583	-1.0	5e-10
1584	-1.0	5e-10
1585	-1.0	5e-10
1586	-1.0	5e-10
1587	-1.0	5e-10
1588	-1.0	5e-10
1589	-1.0	5e-10
1590	-1.0	5e-10
1591	-1.0	5e-10
1592	-1.0	5e-10
1593	-1.0	5e-10
1594	-1.0	5e-10
1595	-1.0	5e-10
1596	-1.0	5e-10
1597	-1.0	5e-10
1598	-1.0	5e-10
1599	-1.0	5e-10
1600	-1.0	5e-10
1601	-1.0	5e-10
1602	-1.0	5e-10
1603	-1.0	5e-10
1604	-1.0	5e-10
1605	-1.0	5e-10
1606	-1.0	5e-10
1607	-1.0	5e-10
1608	-1.0	5e-10
1609	-1.0	5e-10
1610	-1.0	5e-10
1611	-1.0	5e-10
1612	-1.0	5e-10
1613	-1.0	5e-10
1614	-1.0	5e-10
1615	-1.0	5e-10
1616	-1.0	5e-10
1617	-1.0	5e-10
1618	-1.0	5e-10
1619	-1.0	5e-10
1620	-1.0	5e-10
1621	-1.0	5e-10
1622	-1.0	5e-10
1623	-1.0	5e-10
1624	-1.0	5e-10
1625	-1.0	5e-10
1626	-1.0	5e-10
1627	-1.0	5e-10
1628	-1.0	5e-10
1629	-1.0	5e-10
1630	-1.0	5e-10
1631	-1.0	5e-10
1632	-1.0	5e-10
1633	-1.0	5e-10
1634	-1.0	5e-10
1635	-1.0	5e-10
1636	-1.0	5e-10
1637	-1.0	5e-10
1638	-1.0	5e-10
1639	-1.0	5e-10
1640	-1.0	5e-10
1641	-1.0	5e-10
1642	-1.0	5e-10
1643	-1.0	5e-10
1644	-1.0	5e-10
1645	-1.0	5e-10
1646	-1.0	5e-10
1647	-1.0	5e-10
1648	-1.0	5e-10
1649	-1.0	5e-10
1650	-1.0	5e-10
1651	-1.0	5e-10
1652	-1.0	5e-10
1653	-1.0	5e-10
1654	-1.0	5e-10
1655	-1.0	5e-10
1656	-1.0	5e-10
1657	-1.0	5e-10
1658	-1.0	5e-10
1659	-1.0	5e-10
1660	-1.0	5e-10
1661	-1.0	5e-10
1662	-1.0	5e-10
1663	-1.0	5e-10
1664	-1.0	5e-10
1665	-1.0	5e-10
1666	-1.0	5e-10
1667	-1.0	5e-10
1668	-1.0	5e-10
1669	-1.0	5e-10
1670	-1.0	5e-10
1671	-1.0	5e-10
1672	-1.0	5e-10
1673	-1.0	5e-10
1674	-1.0	5e-10
1675	-1.0	5e-10
1676	-1.0	5e-10
1677	-1.0	5e-10
1678	-1.0	5e-10
1679	-1.0	5e-10
1680	-1.0	5e-10
1681	-1.0	5e-10
1682	-1.0	5e-10
1683	-1.0	5e-10
1684	-1.0	5e-10
1685	-1.0	5e-10
1686	-1.0	5e-10
1687	-1.0	5e-10
1688	-1.0	5e-10
1689	-1.0	5e-10
1690	-1.0	5e-10
1691	-1.0	5e-10
1692	-1.0	5e-10
1693	-1.0	5e-10
1694	-1.0	5e-10
1695	-1.0	5e-10
1696	-1.0	5e-10
1697	-1.0	5e-10
1698	-1.0	5e-10
1699	-1.0	5e-10
1700	-1.0	5e-10
1701	-1.0	5e-10
1702	-1.0	5e-10
1703	-1.0	5e-10
1704	-1.0	5e-10
1705	-1.0	5e-10
1706	-1.0	5e-10
1707	-1.0	5e-10
1708	-1.0	5e-10
1709	-1.0	5e-10
1710	-1.0	5e-10
1711	-1.0	5e-10
1712	-1.0	5e-10
1713	-1.0	5e-10
1714	-1.0	5e-10
1715	-1.0	5e-10
1716	-1.0	5e-10
1717	-1.0	5e-10
1718	-1.0	5e-10
1719	-1.0	5e-10
1720	-1.0	5e-10
1721	-1.0	5e-10
1722	-1.0	5e-10
1723	-1.0	5e-10
1724	-1.0	5e-10
1725	-1.0	5e-10
1726	-1.0	5e-10
1727	-1.0	5e-10
1728	-1.0	5e-10
1729	-1.0	5e-10
1730	-1.0	5e-10
1731	-1.0	5e-10
1732	-1.0	5e-10
1733	-1.0	5e-10
1734	-1.0	5e-10
1735	-1.0	5e-10
1736	-1.0	5e-10
1737	-1.0	5e-10
1738	-1.0	5e-10
1739	-1.0	5e-10
1740	-1.0	5e-10
1741	-1.0	5e-10
1742	-1.0	5e-10
1743	-1.0	5e-10
1744	-1.0	5e-10
1745	-1.0	5e-10
1746	-1.0	5e-10
1747	-1.0	5e-10
1748	-1.0	5e-10
1749	-1.0	5e-10
1750	-1.0	5e-10
1751	-1.0	5e-10
1752	-1.0	5e-10
1753	-1.0	5e-10
1754	-1.0	5e-10
1755	-1.0	5e-10
1756	-1.0	5e-10
1757	-1.0	5e-10
1758	-1.0	5e-10
1759	-1.0	5e-10
1760	-1.0	5e-10
1761	-1.0	5e-10
1762	-1.0	5e-10
1763	-1.0	5e-10
1764	-1.0	5e-10
1765	-1.0	5e-10
1766	-1.0	5e-10
1767	-1.0	5e-10
1768	-1.0	5e-10
1769	-1.0	5e-10
1770	-1.0	5e-10
1771	-1.0	5e-10
1772	-1.0	5e-10
1773	-1.0	5e-10
1774	-1.0	5e-10
1775	-1.0	5e-10
1776	-1.0	5e-10
1777	-1.0	5e-10
1778	-1.0	5e-10
1779	-1.0	5e-10
1780	-1.0	5e-10
1781	-1.0	5e-10
1782	-1.0	5e-10
1783	-1.0	5e-10
1784	-1.0	5e-10
1785	-1.0	5e-10
1786	-1.0	5e-10
1787	-1.0	5e-10
1788	-1.0	5e-10
1789	-1.0	5e-10
1790	-1.0	5e-10
1791	-1.0	5e-10
1792	-1.0	5e-10
1793	-1.0	5e-10
1794	-1.0	5e-10
1795	-1.0	5e-10
1796	-1.0	5e-10
1797	-1.0	5e-10
1798	-1.0	5e-10
1799	-1.0	5e-10
1800	-1.0	5e-10
1801	-1.0	5e-10
1802	-1.0	5e-10
1803	-1.0	5e-10
1804	-1.0	5e-10
1805	-1.0	5e-10
1806	-1.0	5e-10
1807	-1.0	5e-10
1808	-1.0	5e-10
1809	-1.0	5e-10
1810	-1.0	5e-10
1811	-1.0	5e-10
1812	-1.0	5e-10
1813	-1.0	5e-10
1814	-1.0	5e-10
1815	-1.0	5e-10
1816	-1.0	5e-10
1817	-1.0	5e-10
1818	-1.0	5e-10
1819	-1.0	5e-10
1820	-1.0	5e-10
1821	-1.0	5e-10
1822	-1.0	5e-10
1823	-1.0	5e-10
1824	-1.0	5e-10
1825	-1.0	5e-10
1826	-1.0	5e-10
1827	-1.0	5e-10
1828	-1.0	5e-10
1829	-1.0	5e-10
1830	-1.0	5e-10
1831	-1.0	5e-10
1832	-1.0	5e-10
1833	-1.0	5e-10
1834	-1.0	5e-10
1835	-1.0	5e-10
1836	-1.0	5e-10
1837	-1.0	5e-10
1838	-1.0	5e-10
1839	-1.0	5e-10
1840	-1.0	5e-10
1841	-1.0	5e-10
1842	-1.0	5e-10
1843	-1.0	5e-10
1844	-1.0	5e-10
1845	-1.0	5e-10
1846	-1.0	5e-10
1847	-1.0	5e-10
1848	-1.0	5e-10
1849	-1.0	5e-10
1850	-1.0	5e-10
1851	-1.0	5e-10
1852	-1.0	5e-10
1853	-1.0	5e-10
1854	-1.0	5e-10
1855	-1.0	5e-10
1856	-1.0	5e-10
1857	-1.5	5e-10
1858	-1.5	5e-10
1859	-1.5	5e-10
1860	-1.5	5e-10
1861	-1.5	5e-10
1862	-1.5	5e-10
1863	-1.5	5e-10
1864	-1.5	5e-10
1865	-1.5	5e-10
1866	-1.5	5e-10
1867	-1.5	5e-10
1868	-1.5	5e-10
1869	-1.5	5e-10
1870	-1.5	5e-10
1871	-1.5	5e-10
1872	-1.5	5e-10
1873	-1.5	5e-10
1874	-1.5	5e-10
1875	-1.5	5e-10
1876	-1.5	5e-10
1877	-1.5	5e-10
1878	-1.5	5e-10
1879	-1.5	5e-10
1880	-1.5	5e-10
1881	-1.5	5e-10
1882	-1.5	5e-10
1883	-1.5	5e-10
1884	-1.5	5e-10
1885	-1.5	5e-10
1886	-1.5	5e-10
1887	-1.5	5e-10
1888	-1.5	5e-10
1889	-1.5	5e-10
1890	-1.5	5e-10
1891	-1.5	5e-10
1892	-1.5	5e-10
1893	-1.5	5e-10
1894	-1.5	5e-10
1895	-1.5	5e-10
1896	-1.5	5e-10
1897	-1.5	5e-10
1898	-1.5	5e-10
1899	-1.5	5e-10
1900	-1.5	5e-10
1901	-1.5	5e-10
1902	-1.5	5e-10
1903	-1.5	5e-10
1904	-1.5	5e-10
1905	-1.5	5e-10
1906	-1.5	5e-10
1907	-1.5	5e-10
1908	-1.5	5e-10
1909	-1.5	5e-10
1910	-1.5	5e-10
1911	-1.5	5e-10
1912	-1.5	5e-10
1913	-1.5	5e-10
1914	-1.5	5e-10
1915	-1.5	5e-10
1916	-1.5	5e-10
1917	-1.5	5e-10
1918	-1.5	5e-10
1919	-1.5	5e-10
1920	-1.5	5e-10
1921	-1.5	5e-10
1922	-1.5	5e-10
1923	-1.5	5e-10
1924	-1.5	5e-10
1925	-1.5	5e-10
1926	-1.5	5e-10
1927	-1.5	5e-10
1928	-1.5	5e-10
1929	-1.5	5e-10
1930	-1.5	5e-10
1931	-1.5	5e-10
1932	-1.5	5e-10
1933	-1.5	5e-10
1934	-1.5	5e-10
1935	-1.5	5e-10
1936	-1.5	5e-10
1937	-1.5	5e-10
1938	-1.5	5e-10
1939	-1.5	5e-10
1940	-1.5	5e-10
1941	-1.5	5e-10
1942	-1.5	5e-10
1943	-1.5	5e-10
1944	-1.5	5e-10
1945	-1.5	5e-10
1946	-1.5	5e-10
1947	-1.5	5e-10
1948	-1.5	5e-10
1949	-1.5	5e-10
1950	-1.5	5e-10
1951	-1.5	5e-10
1952	-1.5	5e-10
1953	-1.5	5e-10
1954	-1.5	5e-10
1955	-1.5	5e-10
1956	-1.5	5e-10
1957	-1.5	5e-10
1958	-1.5	5e-10
1959	-1.5	5e-10
1960	-1.5	5e-10
1961	-1.5	5e-10
1962	-1.5	5e-10
1963	-1.5	5e-10
1964	-1.5	5e-10
1965	-1.5	5e-10
1966	-1.5	5e-10
1967	-1.5	5e-10
1968	-1.5	5e-10
1969	-1.5	5e-10
1970	-1.5	5e-10
1971	-1.5	5e-10
1972	-1.5	5e-10
1973	-1.5	5e-10
1974	-1.5	5e-10
1975	-1.5	5e-10
1976	-1.5	5e-10
1977	-1.5	5e-10
1978	-1.5	5e-10
1979	-1.5	5e-10
1980	-1.5	5e-10
1981	-1.5	5e-10
1982	-1.5	5e-10
1983	-1.5	5e-10
1984	-1.5	5e-10
1985	-1.5	5e-10
1986	-1.5	5e-10
1987	-1.5	5e-10
1988	-1.5	5e-10
1989	-1.5	5e-10
1990	-1.5	5e-10
1991	-1.5	5e-10
1992	-1.5	5e-10
1993	-1.5	5e-10
1994	-1.5	5e-10
1995	-1.5	5e-10
1996	-1.5	5e-10
1997	-1.5	5e-10
1998	-1.5	5e-10
1999	-1.5	5e-10
2000	-1.5	5e-10
2001	-1.5	5e-10
2002	-1.5	5e-10
2003	-1.5	5e-10
2004	-1.5	5e-10
2005	-1.5	5e-10
2006	-1.5	5e-10
2007	-1.5	5e-10
2008	-1.5	5e-10
2009	-1.5	5e-10
2010	-1.5	5e-10
2011	-1.5	5e-10
2012	-1.5	5e-10
2013	-1.5	5e-10
2014	-1.5	5e-10
2015	-1.5	5e-10
2016	-1.5	5e-10
2017	-1.5	5e-10
2018	-1.5	5e-10
2019	-1.5	5e-10
2020	-1.5	5e-10
2021	-1.5	5e-10
2022	-1.5	5e-10
2023	-1.5	5e-10
2024	-1.5	5e-10
2025	-1.5	5e-10
2026	-1.5	5e-10
2027	-1.5	5e-10
2028	-1.5	5e-10
2029	-1.5	5e-10
2030	-1.5	5e-10
2031	-1.5	5e-10
2032	-1.5	5e-10
2033	-1.5	5e-10
2034	-1.5	5e-10
2035	-1.5	5e-10
2036	-1.5	5e-10
2037	-1.5	5e-10
2038	-1.5	5e-10
2039	-1.5	5e-10
2040	-1.5	5e-10
2041	-1.5	5e-10
2042	-1.5	5e-10
2043	-1.5	5e-10
2044	-1.5	5e-10
2045	-1.5	5e-10
2046	-1.5	5e-10
2047	-1.5	5e-10
2048	-1.5	5e-10
2049	-1.5	5e-10
2050	-1.5	5e-10
2051	-1.5	5e-10
2052	-1.5	5e-10
2053	-1.5	5e-10
2054	-1.5	5e-10
2055	-1.5	5e-10
2056	-1.5	5e-10
2057	-1.5	5e-10
2058	-1.5	5e-10
2059	-1.5	5e-10
2060	-1.5	5e-10
2061	-1.5	5e-10
2062	-1.5	5e-10
2063	-1.5	5e-10
2064	-1.5	5e-10
2065	-1.5	5e-10
2066	-1.5	5e-10
2067	-1.5	5e-10
2068	-1.5	5e-10
2069	-1.5	5e-10
2070	-1.5	5e-10
2071	-1.5	5e-10
2072	-1.5	5e-10
2073	-1.5	5e-10
2074	-1.5	5e-10
2075	-1.5	5e-10
2076	-1.5	5e-10
2077	-1.5	5e-10
2078	-1.5	5e-10
2079	-1.5	5e-10
2080	-1.5	5e-10
2081	-1.5	5e-10
2082	-1.5	5e-10
2083	-1.5	5e-10
2084	-1.5	5e-10
2085	-1.5	5e-10
2086	-1.5	5e-10
2087	-1.5	5e-10
2088	-1.5	5e-10
2089	-1.5	5e-10
2090	-1.5	5e-10
2091	-1.5	5e-10
2092	-1.5	5e-10
2093	-1.5	5e-10
2094	-1.5	5e-10
2095	-1.5	5e-10
2096	-1.5	5e-10
2097	-1.5	5e-10
2098	-1.5	5e-10
2099	-1.5	5e-10
2100	-1.5	5e-10
2101	-1.5	5e-10
2102	-1.5	5e-10
2103	-1.5	5e-10
2104	-1.5	5e-10
2105	-1.5	5e-10
2106	-1.5	5e-10
2107	-1.5	5e-10
2108	-1.5	5e-10
2109	-1.5	5e-10
2110	-1.5	5e-10
2111	-1.5	5e-10
2112	-1.5	5e-10
2113	-1.5	5e-10
2114	-1.5	5e-10
2115	-1.5	5e-10
2116	-1.5	5e-10
2117	-1.5	5e-10
2118	-1.5	5e-10
2119	-1.5	5e-10
2120	-1.5	5e-10
2121	-1.5	5e-10
2122	-1.5	5e-10
2123	-1.5	5e-10
2124	-1.5	5e-10
2125	-1.5	5e-10
2126	-1.5	5e-10
2127	-1.5	5e-10
2128	-1.5	5e-10
2129	-1.5	5e-10
2130	-1.5	5e-10
2131	-1.5	5e-10
2132	-1.5	5e-10
2133	-1.5	5e-10
2134	-1.5	5e-10
2135	-1.5	5e-10
2136	-1.5	5e-10
2137	-1.5	5e-10
2138	-1.5	5e-10
2139	-1.5	5e-10
2140	-1.5	5e-10
2141	-1.5	5e-10
2142	-1.5	5e-10
2143	-1.5	5e-10
2144	-1.5	5e-10
2145	-1.5	5e-10
2146	-1.5	5e-10
2147	-1.5	5e-10
2148	-1.5	5e-10
2149	-1.5	5e-10
2150	-1.5	5e-10
2151	-1.5	5e-10
2152	-1.5	5e-10
2153	-1.5	5e-10
2154	-1.5	5e-10
2155	-1.5	5e-10
2156	-1.5	5e-10
2157	-1.5	5e-10
2158	-1.5	5e-10
2159	-1.5	5e-10
2160	-1.5	5e-10
2161	-1.5	5e-10
2162	-1.5	5e-10
2163	-1.5	5e-10
2164	-1.5	5e-10
2165	-1.5	5e-10
2166	-1.5	5e-10
2167	-1.5	5e-10
2168	-1.5	5e-10
2169	-1.5	5e-10
2170	-1.5	5e-10
2171	-1.5	5e-10
2172	-1.5	5e-10
2173	-1.5	5e-10
2174	-1.5	5e-10
2175	-1.5	5e-10
2176	-1.5	5e-10
2177	-1.5	5e-10
2178	-1.5	5e-10
2179	-1.5	5e-10
2180	-1.5	5e-10
2181	-1.5	5e-10
2182	-1.5	5e-10
2183	-1.5	5e-10
2184	-1.5	5e-10
2185	-1.5	5e-10
2186	-1.5	5e-10
2187	-1.5	5e-10
2188	-1.5	5e-10
2189	-1.5	5e-10
2190	-1.5	5e-10
2191	-1.5	5e-10
2192	-1.5	5e-10
2193	-1.5	5e-10
2194	-1.5	5e-10
2195	-1.5	5e-10
2196	-1.5	5e-10
2197	-1.5	5e-10
2198	-1.5	5e-10
2199	-1.5	5e-10
2200	-1.5	5e-10
2201	-1.5	5e-10
2202	-1.5	5e-10
2203	-1.5	5e-10
2204	-1.5	5e-10
2205	-1.5	5e-10
2206	-1.5	5e-10
2207	-1.5	5e-10
2208	-1.5	5e-10
2209	-1.5	5e-10
2210	-1.5	5e-10
2211	-1.5	5e-10
2212	-1.5	5e-10
2213	-1.5	5e-10
2214	-1.5	5e-10
2215	-1.5	5e-10
2216	-1.5	5e-10
2217	-1.5	5e-10
2218	-1.5	5e-10
2219	-1.5	5e-10
2220	-1.5	5e-10
2221	-1.5	5e-10
2222	-1.5	5e-10
2223	-1.5	5e-10
2224	-1.5	5e-10
2225	-1.5	5e-10
2226	-1.5	5e-10
2227	-1.5	5e-10
2228	-1.5	5e-10
2229	-1.5	5e-10
2230	-1.5	5e-10
2231	-1.5	5e-10
2232	-1.5	5e-10
2233	-1.5	5e-10
2234	-1.5	5e-10
2235	-1.5	5e-10
2236	-1.5	5e-10
2237	-1.5	5e-10
2238	-1.5	5e-10
2239	-1.5	5e-10
2240	-1.5	5e-10
2241	-1.5	5e-10
2242	-1.5	5e-10
2243	-1.5	5e-10
2244	-1.5	5e-10
2245	-1.5	5e-10
2246	-1.5	5e-10
2247	-1.5	5e-10
2248	-1.5	5e-10
2249	-1.5	5e-10
2250	-1.5	5e-10
2251	-1.5	5e-10
2252	-1.5	5e-10
2253	-1.5	5e-10
2254	-1.5	5e-10
2255	-1.5	5e-10
2256	-1.5	5e-10
2257	-1.5	5e-10
2258	-1.5	5e-10
2259	-1.5	5e-10
2260	-1.5	5e-10
2261	-1.5	5e-10
2262	-1.5	5e-10
2263	-1.5	5e-10
2264	-1.5	5e-10
2265	-1.5	5e-10
2266	-1.5	5e-10
2267	-1.5	5e-10
2268	-1.5	5e-10
2269	-1.5	5e-10
2270	-1.5	5e-10
2271	-1.5	5e-10
2272	-1.5	5e-10
2273	-1.5	5e-10
2274	-1.5	5e-10
2275	-1.5	5e-10
2276	-1.5	5e-10
2277	-1.5	5e-10
2278	-1.5	5e-10
2279	-1.5	5e-10
2280	-1.5	5e-10
2281	-1.5	5e-10
2282	-1.5	5e-10
2283	-1.5	5e-10
2284	-1.5	5e-10
2285	-1.5	5e-10
2286	-1.5	5e-10
2287	-1.5	5e-10
2288	-1.5	5e-10
2289	-1.5	5e-10
2290	-1.5	5e-10
2291	-1.5	5e-10
2292	-1.5	5e-10
2293	-1.5	5e-10
2294	-1.5	5e-10
2295	-1.5	5e-10
2296	-1.5	5e-10
2297	-1.5	5e-10
2298	-1.5	5e-10
2299	-1.5	5e-10
2300	-1.5	5e-10
2301	-1.5	5e-10
2302	-1.5	5e-10
2303	-1.5	5e-10
2304	-1.5	5e-10
2305	-1.5	5e-10
2306	-1.5	5e-10
2307	-1.5	5e-10
2308	-1.5	5e-10
2309	-1.5	5e-10
2310	-1.5	5e-10
2311	-1.5	5e-10
2312	-1.5	5e-10
2313	-1.5	5e-10
2314	-1.5	5e-10
2315	-1.5	5e-10
2316	-1.5	5e-10
2317	-1.5	5e-10
2318	-1.5	5e-10
2319	-1.5	5e-10
2320	-1.5	5e-10
2321	-1.5	5e-10
2322	-1.5	5e-10
2323	-1.5	5e-10
2324	-1.5	5e-10
2325	-1.5	5e-10
2326	-1.5	5e-10
2327	-1.5	5e-10
2328	-1.5	5e-10
2329	-1.5	5e-10
2330	-1.5	5e-10
2331	-1.5	5e-10
2332	-1.5	5e-10
2333	-1.5	5e-10
2334	-1.5	5e-10
2335	-1.5	5e-10
2336	-1.5	5e-10
2337	-1.5	5e-10
2338	-1.5	5e-10
2339	-1.5	5e-10
2340	-1.5	5e-10
2341	-1.5	5e-10
2342	-1.5	5e-10
2343	-1.5	5e-10
2344	-1.5	5e-10
2345	-1.5	5e-10
2346	-1.5	5e-10
2347	-1.5	5e-10
2348	-1.5	5e-10
2349	-1.5	5e-10
2350	-1.5	5e-10
2351	-1.5	5e-10
2352	-1.5	5e-10
2353	-1.5	5e-10
2354	-1.5	5e-10
2355	-1.5	5e-10
2356	-1.5	5e-10
2357	-1.5	5e-10
2358	-1.5	5e-10
2359	-1.5	5e-10
2360	-1.5	5e-10
2361	-1.5	5e-10
2362	-1.5	5e-10
2363	-1.5	5e-10
2364	-2.0	5e-10
2365	-2.0	5e-10
2366	-2.0	5e-10
2367	-2.0	5e-10
2368	-2.0	5e-10
2369	-2.0	5e-10
2370	-2.0	5e-10
2371	-2.0	5e-10
2372	-2.0	5e-10
2373	-2.0	5e-10
2374	-2.0	5e-10
2375	-2.0	5e-10
2376	-2.0	5e-10
2377	-2.0	5e-10
2378	-2.0	5e-10
2379	-2.0	5e-10
2380	-2.0	5e-10
2381	-2.0	5e-10
2382	-2.0	5e-10
2383	-2.0	5e-10
2384	-2.0	5e-10
2385	-2.0	5e-10
2386	-2.0	5e-10
2387	-2.0	5e-10
2388	-2.0	5e-10
2389	-2.0	5e-10
2390	-2.0	5e-10
2391	-2.0	5e-10
2392	-2.0	5e-10
2393	-2.0	5e-10
2394	-2.0	5e-10
2395	-2.0	5e-10
2396	-2.0	5e-10
2397	-2.0	5e-10
2398	-2.0	5e-10
2399	-2.0	5e-10
2400	-2.0	5e-10
2401	-2.0	5e-10
2402	-2.0	5e-10
2403	-2.0	5e-10
2404	-2.0	5e-10
2405	-2.0	5e-10
2406	-2.0	5e-10
2407	-2.0	5e-10
2408	-2.0	5e-10
2409	-2.0	5e-10
2410	-2.0	5e-10
2411	-2.0	5e-10
2412	-2.0	5e-10
2413	-2.0	5e-10
2414	-2.0	5e-10
2415	-2.0	5e-10
2416	-2.0	5e-10
2417	-2.0	5e-10
2418	-2.0	5e-10
2419	-2.0	5e-10
2420	-2.0	5e-10
2421	-2.0	5e-10
2422	-2.0	5e-10
2423	-2.0	5e-10
2424	-2.0	5e-10
2425	-2.0	5e-10
2426	-2.0	5e-10
2427	-2.0	5e-10
2428	-2.0	5e-10
2429	-2.0	5e-10
2430	-2.0	5e-10
2431	-2.0	5e-10
2432	-2.0	5e-10
2433	-2.0	5e-10
2434	-2.0	5e-10
2435	-2.0	5e-10
2436	-2.0	5e-10
2437	-2.0	5e-10
2438	-2.0	5e-10
2439	-2.0	5e-10
2440	-2.0	5e-10
2441	-2.0	5e-10
2442	-2.0	5e-10
2443	-2.0	5e-10
2444	-2.0	5e-10
2445	-2.0	5e-10
2446	-2.0	5e-10
2447	-2.0	5e-10
2448	-2.0	5e-10
2449	-2.0	5e-10
2450	-2.0	5e-10
2451	-2.0	5e-10
2452	-2.0	5e-10
2453	-2.0	5e-10
2454	-2.0	5e-10
2455	-2.0	5e-10
2456	-2.0	5e-10
2457	-2.0	5e-10
2458	-2.0	5e-10
2459	-2.0	5e-10
2460	-2.0	5e-10
2461	-2.0	5e-10
2462	-2.0	5e-10
2463	-2.0	5e-10
2464	-2.0	5e-10
2465	-2.0	5e-10
2466	-2.0	5e-10
2467	-2.0	5e-10
2468	-2.0	5e-10
2469	-2.0	5e-10
2470	-2.0	5e-10
2471	-2.0	5e-10
2472	-2.0	5e-10
2473	-2.0	5e-10
2474	-2.0	5e-10
2475	-2.0	5e-10
2476	-2.0	5e-10
2477	-2.0	5e-10
2478	-2.0	5e-10
2479	-2.0	5e-10
2480	-2.0	5e-10
2481	-2.0	5e-10
2482	-2.0	5e-10
2483	-2.0	5e-10
2484	-2.0	5e-10
2485	-2.0	5e-10
2486	-2.0	5e-10
2487	-2.0	5e-10
2488	-2.0	5e-10
2489	-2.0	5e-10
2490	-2.0	5e-10
2491	-2.0	5e-10
2492	-2.0	5e-10
2493	-2.0	5e-10
2494	-2.0	5e-10
2495	-2.0	5e-10
2496	-2.0	5e-10
2497	-2.0	5e-10
2498	-2.0	5e-10
2499	-2.0	5e-10
2500	-2.0	5e-10
2501	-2.0	5e-10
2502	-2.0	5e-10
2503	-2.0	5e-10
2504	-2.0	5e-10
2505	-2.0	5e-10
2506	-2.0	5e-10
2507	-2.0	5e-10
2508	-2.0	5e-10
2509	-2.0	5e-10
2510	-2.0	5e-10
2511	-2.0	5e-10
2512	-2.0	5e-10
2513	-2.0	5e-10
2514	-2.0	5e-10
2515	-2.0	5e-10
2516	-2.0	5e-10
2517	-2.0	5e-10
2518	-2.0	5e-10
2519	-2.0	5e-10
2520	-2.0	5e-10
2521	-2.0	5e-10
2522	-2.0	5e-10
2523	-2.0	5e-10
2524	-2.0	5e-10
2525	-2.0	5e-10
2526	-2.0	5e-10
2527	-2.0	5e-10
2528	-2.0	5e-10
2529	-2.0	5e-10
2530	-2.0	5e-10
2531	-2.0	5e-10
2532	-2.0	5e-10
2533	-2.0	5e-10
2534	-2.0	5e-10
2535	-2.0	5e-10
2536	-2.0	5e-10
2537	-2.0	5e-10
2538	-2.0	5e-10
2539	-2.0	5e-10
2540	-2.0	5e-10
2541	-2.0	5e-10
2542	-2.0	5e-10
2543	-2.0	5e-10
2544	-2.0	5e-10
2545	-2.0	5e-10
2546	-2.0	5e-10
2547	-2.0	5e-10
2548	-2.0	5e-10
2549	-2.0	5e-10
2550	-2.0	5e-10
2551	-2.0	5e-10
2552	-2.0	5e-10
2553	-2.0	5e-10
2554	-2.0	5e-10
2555	-2.0	5e-10
2556	-2.0	5e-10
2557	-2.0	5e-10
2558	-2.0	5e-10
2559	-2.0	5e-10
2560	-2.0	5e-10
2561	-2.0	5e-10
2562	-2.0	5e-10
2563	-2.0	5e-10
2564	-2.0	5e-10
2565	-2.0	5e-10
2566	-2.0	5e-10
2567	-2.0	5e-10
2568	-2.0	5e-10
2569	-2.0	5e-10
2570	-2.0	5e-10
2571	-2.0	5e-10
2572	-2.0	5e-10
2573	-2.0	5e-10
2574	-2.0	5e-10
2575	-2.0	5e-10
2576	-2.0	5e-10
2577	-2.0	5e-10
2578	-2.0	5e-10
2579	-2.0	5e-10
2580	-2.0	5e-10
2581	-2.0	5e-10
2582	-2.0	5e-10
2583	-2.0	5e-10
2584	-2.0	5e-10
2585	-2.0	5e-10
2586	-2.0	5e-10
2587	-2.0	5e-10
2588	-2.0	5e-10
2589	-2.0	5e-10
2590	-2.0	5e-10
2591	-2.0	5e-10
2592	-2.0	5e-10
2593	-2.0	5e-10
2594	-2.0	5e-10
2595	-2.0	5e-10
2596	-2.0	5e-10
2597	-2.0	5e-10
2598	-2.0	5e-10
2599	-2.0	5e-10
2600	-2.0	5e-10
2601	-2.0	5e-10
2602	-2.0	5e-10
2603	-2.0	5e-10
2604	-2.0	5e-10
2605	-2.0	5e-10
2606	-2.0	5e-10
2607	-2.0	5e-10
2608	-2.0	5e-10
2609	-2.0	5e-10
2610	-2.0	5e-10
2611	-2.0	5e-10
2612	-2.0	5e-10
2613	-2.0	5e-10
2614	-2.0	5e-10
2615	-2.0	5e-10
2616	-2.0	5e-10
2617	-2.0	5e-10
2618	-2.0	5e-10
2619	-2.0	5e-10
2620	-2.0	5e-10
2621	-2.0	5e-10
2622	-2.0	5e-10
2623	-2.0	5e-10
2624	-2.0	5e-10
2625	-2.0	5e-10
2626	-2.0	5e-10
2627	-2.0	5e-10
2628	-2.0	5e-10
2629	-2.0	5e-10
2630	-2.0	5e-10
2631	-2.0	5e-10
2632	-2.0	5e-10
2633	-2.0	5e-10
2634	-2.0	5e-10
2635	-2.0	5e-10
2636	-2.0	5e-10
2637	-2.0	5e-10
2638	-2.0	5e-10
2639	-2.0	5e-10
2640	-2.0	5e-10
2641	-2.0	5e-10
2642	-2.0	5e-10
2643	-2.0	5e-10
2644	-2.0	5e-10
2645	-2.0	5e-10
2646	-2.0	5e-10
2647	-2.0	5e-10
2648	-2.0	5e-10
2649	-2.0	5e-10
2650	-2.0	5e-10
2651	-2.0	5e-10
2652	-2.0	5e-10
2653	-2.0	5e-10
2654	-2.0	5e-10
2655	-2.0	5e-10
2656	-2.0	5e-10
2657	-2.0	5e-10
2658	-2.0	5e-10
2659	-2.0	5e-10
2660	-2.0	5e-10
2661	-2.0	5e-10
2662	-2.0	5e-10
2663	-2.0	5e-10
2664	-2.0	5e-10
2665	-2.0	5e-10
2666	-2.0	5e-10
2667	-2.0	5e-10
2668	-2.0	5e-10
2669	-2.0	5e-10
2670	-2.0	5e-10
2671	-2.0	5e-10
2672	-2.0	5e-10
2673	-2.0	5e-10
2674	-2.0	5e-10
2675	-2.0	5e-10
2676	-2.0	5e-10
2677	-2.0	5e-10
2678	-2.0	5e-10
2679	-2.0	5e-10
2680	-2.0	5e-10
2681	-2.0	5e-10
2682	-2.0	5e-10
2683	-2.0	5e-10
2684	-2.0	5e-10
2685	-2.0	5e-10
2686	-2.0	5e-10
2687	-2.0	5e-10
2688	-2.0	5e-10
2689	-2.0	5e-10
2690	-2.0	5e-10
2691	-2.0	5e-10
2692	-2.0	5e-10
2693	-2.0	5e-10
2694	-2.0	5e-10
2695	-2.0	5e-10
2696	-2.0	5e-10
2697	-2.0	5e-10
2698	-2.0	5e-10
2699	-2.0	5e-10
2700	-2.0	5e-10
2701	-2.0	5e-10
2702	-2.0	5e-10
2703	-2.0	5e-10
2704	-2.0	5e-10
2705	-2.0	5e-10
2706	-2.0	5e-10
2707	-2.0	5e-10
2708	-2.0	5e-10
2709	-2.0	5e-10
2710	-2.0	5e-10
2711	-2.0	5e-10
2712	-2.0	5e-10
2713	-2.0	5e-10
2714	-2.0	5e-10
2715	-2.0	5e-10
2716	-2.0	5e-10
2717	-2.0	5e-10
2718	-2.0	5e-10
2719	-2.0	5e-10
2720	-2.0	5e-10
2721	-2.0	5e-10
2722	-2.0	5e-10
2723	-2.0	5e-10
2724	-2.0	5e-10
2725	-2.0	5e-10
2726	-2.0	5e-10
2727	-2.0	5e-10
2728	-2.0	5e-10
2729	-2.0	5e-10
2730	-2.0	5e-10
2731	-2.0	5e-10
2732	-2.0	5e-10
2733	-2.0	5e-10
2734	-2.0	5e-10
2735	-2.0	5e-10
2736	-2.0	5e-10
2737	-2.0	5e-10
2738	-2.0	5e-10
2739	-2.0	5e-10
2740	-2.0	5e-10
2741	-2.0	5e-10
2742	-2.0	5e-10
2743	-2.0	5e-10
2744	-2.0	5e-10
2745	-2.0	5e-10
2746	-2.0	5e-10
2747	-2.0	5e-10
2748	-2.0	5e-10
2749	-2.0	5e-10
2750	-2.0	5e-10
2751	-2.0	5e-10
2752	-2.0	5e-10
2753	-2.0	5e-10
2754	-2.0	5e-10
2755	-2.0	5e-10
2756	-2.0	5e-10
2757	-2.0	5e-10
2758	-2.0	5e-10
2759	-2.0	5e-10
2760	-2.0	5e-10
2761	-2.0	5e-10
2762	-2.0	5e-10
2763	-2.0	5e-10
2764	-2.0	5e-10
2765	-2.0	5e-10
2766	-2.0	5e-10
2767	-2.0	5e-10
2768	-2.0	5e-10
2769	-2.0	5e-10
2770	-2.0	5e-10
2771	-2.0	5e-10
2772	-2.0	5e-10
2773	-2.0	5e-10
2774	-2.0	5e-10
2775	-2.0	5e-10
2776	-2.0	5e-10
2777	-2.0	5e-10
2778	-2.0	5e-10
2779	-2.0	5e-10
2780	-2.0	5e-10
2781	-2.0	5e-10
2782	-2.0	5e-10
2783	-2.0	5e-10
2784	-2.0	5e-10
2785	-2.0	5e-10
2786	-2.0	5e-10
2787	-2.0	5e-10
2788	-2.0	5e-10
2789	-2.0	5e-10
2790	-2.0	5e-10
2791	-2.0	5e-10
2792	-2.0	5e-10
2793	-2.0	5e-10
2794	-2.0	5e-10
2795	-2.0	5e-10
2796	-2.0	5e-10
2797	-2.0	5e-10
2798	-2.0	5e-10
2799	-2.0	5e-10
2800	-2.0	5e-10
2801	-2.0	5e-10
2802	-2.0	5e-10
2803	-2.0	5e-10
2804	-2.0	5e-10
2805	-2.0	5e-10
2806	-2.0	5e-10
2807	-2.0	5e-10
2808	-2.0	5e-10
2809	-2.0	5e-10
2810	-2.0	5e-10
2811	-2.0	5e-10
2812	-2.0	5e-10
2813	-2.0	5e-10
2814	-2.0	5e-10
2815	-2.0	5e-10
2816	-2.0	5e-10
2817	-2.0	5e-10
2818	-2.0	5e-10
2819	-2.0	5e-10
2820	-2.0	5e-10
2821	-2.0	5e-10
2822	-2.0	5e-10
2823	-2.0	5e-10
2824	-2.0	5e-10
2825	-2.0	5e-10
2826	-2.0	5e-10
2827	-2.0	5e-10
2828	-2.0	5e-10
2829	-2.0	5e-10
2830	-2.0	5e-10
2831	-2.0	5e-10
2832	-2.0	5e-10
2833	-2.0	5e-10
2834	-2.0	5e-10
2835	-2.0	5e-10
2836	-2.0	5e-10
2837	-2.0	5e-10
2838	-2.0	5e-10
2839	-2.0	5e-10
2840	-2.0	5e-10
2841	-2.0	5e-10
2842	-2.0	5e-10
2843	-2.0	5e-10
2844	-2.0	5e-10
2845	-2.0	5e-10
2846	-2.0	5e-10
2847	-2.0	5e-10
2848	-2.0	5e-10
2849	-2.0	5e-10
2850	-2.0	5e-10
2851	-2.0	5e-10
2852	-2.0	5e-10
2853	-2.0	5e-10
2854	-2.0	5e-10
2855	-2.0	5e-10
2856	-2.0	5e-10
2857	-2.0	5e-10
2858	-2.0	5e-10
2859	-2.0	5e-10
2860	-2.0	5e-10
2861	-2.0	5e-10
2862	-2.0	5e-10
2863	-2.0	5e-10
2864	-2.0	5e-10
2865	-2.0	5e-10
2866	-2.0	5e-10
2867	-2.0	5e-10
2868	-2.0	5e-10
2869	-2.0	5e-10
2870	-2.0	5e-10
2871	-2.0	5e-10
2872	-2.0	5e-10
2873	-2.0	5e-10
2874	-2.0	5e-10
2875	-2.0	5e-10
2876	-2.0	5e-10
2877	-2.0	5e-10
2878	-2.0	5e-10
2879	-2.0	5e-10
2880	-2.0	5e-10
2881	-2.0	5e-10
2882	-2.0	5e-10
2883	-2.0	5e-10
2884	-2.0	5e-10
2885	-2.0	5e-10
2886	-2.0	5e-10
2887	-2.0	5e-10
2888	-2.0	5e-10
2889	-2.0	5e-10
2890	-2.0	5e-10
2891	-2.0	5e-10
2892	-2.0	5e-10
2893	-2.0	5e-10
2894	-2.0	5e-10
2895	-2.0	5e-10
2896	-2.0	5e-10
2897	-2.0	5e-10
2898	-2.0	5e-10
2899	-2.0	5e-10
2900	-2.0	5e-10
2901	-2.0	5e-10
2902	-2.0	5e-10
2903	-2.0	5e-10
2904	-2.0	5e-10
2905	-2.0	5e-10
2906	-2.0	5e-10
2907	-2.0	5e-10
2908	-2.0	5e-10
2909	-2.0	5e-10
2910	-2.0	5e-10
2911	-2.0	5e-10
2912	-2.0	5e-10
2913	-2.0	5e-10
2914	-2.0	5e-10
2915	-2.0	5e-10
2916	-2.0	5e-10
2917	-2.0	5e-10
2918	-2.0	5e-10
2919	-2.0	5e-10
2920	-2.0	5e-10
2921	-2.0	5e-10
2922	-2.0	5e-10
2923	-2.0	5e-10
2924	-2.0	5e-10
2925	-2.0	5e-10
2926	-2.0	5e-10
2927	-2.0	5e-10
2928	-2.0	5e-10
2929	-2.5	5e-10
2930	-2.5	5e-10
2931	-2.5	5e-10
2932	-2.5	5e-10
2933	-2.5	5e-10
2934	-2.5	5e-10
2935	-2.5	5e-10
2936	-2.5	5e-10
2937	-2.5	5e-10
2938	-2.5	5e-10
2939	-2.5	5e-10
2940	-2.5	5e-10
2941	-2.5	5e-10
2942	-2.5	5e-10
2943	-2.5	5e-10
2944	-2.5	5e-10
2945	-2.5	5e-10
2946	-2.5	5e-10
2947	-2.5	5e-10
2948	-2.5	5e-10
2949	-2.5	5e-10
2950	-2.5	5e-10
2951	-2.5	5e-10
2952	-2.5	5e-10
2953	-2.5	5e-10
2954	-2.5	5e-10
2955	-2.5	5e-10
2956	-2.5	5e-10
2957	-2.5	5e-10
2958	-2.5	5e-10
2959	-2.5	5e-10
2960	-2.5	5e-10
2961	-2.5	5e-10
2962	-2.5	5e-10
2963	-2.5	5e-10
2964	-2.5	5e-10
2965	-2.5	5e-10
2966	-2.5	5e-10
2967	-2.5	5e-10
2968	-2.5	5e-10
2969	-2.5	5e-10
2970	-2.5	5e-10
2971	-2.5	5e-10
2972	-2.5	5e-10
2973	-2.5	5e-10
2974	-2.5	5e-10
2975	-2.5	5e-10
2976	-2.5	5e-10
2977	-2.5	5e-10
2978	-2.5	5e-10
2979	-2.5	5e-10
2980	-2.5	5e-10
2981	-2.5	5e-10
2982	-2.5	5e-10
2983	-2.5	5e-10
2984	-2.5	5e-10
2985	-2.5	5e-10
2986	-2.5	5e-10
2987	-2.5	5e-10
2988	-2.5	5e-10
2989	-2.5	5e-10
2990	-2.5	5e-10
2991	-2.5	5e-10
2992	-2.5	5e-10
2993	-2.5	5e-10
2994	-2.5	5e-10
2995	-2.5	5e-10
2996	-2.5	5e-10
2997	-2.5	5e-10
2998	-2.5	5e-10
2999	-2.5	5e-10
3000	-2.5	5e-10
3001	-2.5	5e-10
3002	-2.5	5e-10
3003	-2.5	5e-10
3004	-2.5	5e-10
3005	-2.5	5e-10
3006	-2.5	5e-10
3007	-2.5	5e-10
3008	-2.5	5e-10
3009	-2.5	5e-10
3010	-2.5	5e-10
3011	-2.5	5e-10
3012	-2.5	5e-10
3013	-2.5	5e-10
3014	-2.5	5e-10
3015	-2.5	5e-10
3016	-2.5	5e-10
3017	-2.5	5e-10
3018	-2.5	5e-10
3019	-2.5	5e-10
3020	-2.5	5e-10
3021	-2.5	5e-10
3022	-2.5	5e-10
3023	-2.5	5e-10
3024	-2.5	5e-10
3025	-2.5	5e-10
3026	-2.5	5e-10
3027	-2.5	5e-10
3028	-2.5	5e-10
3029	-2.5	5e-10
3030	-2.5	5e-10
3031	-2.5	5e-10
3032	-2.5	5e-10
3033	-2.5	5e-10
3034	-2.5	5e-10
3035	-2.5	5e-10
3036	-2.5	5e-10
3037	-2.5	5e-10
3038	-2.5	5e-10
3039	-2.5	5e-10
3040	-2.5	5e-10
3041	-2.5	5e-10
3042	-2.5	5e-10
3043	-2.5	5e-10
3044	-2.5	5e-10
3045	-2.5	5e-10
3046	-2.5	5e-10
3047	-2.5	5e-10
3048	-2.5	5e-10
3049	-2.5	5e-10
3050	-2.5	5e-10
3051	-2.5	5e-10
3052	-2.5	5e-10
3053	-2.5	5e-10
3054	-2.5	5e-10
3055	-2.5	5e-10
3056	-2.5	5e-10
3057	-2.5	5e-10
3058	-2.5	5e-10
3059	-2.5	5e-10
3060	-2.5	5e-10
3061	-2.5	5e-10
3062	-2.5	5e-10
3063	-2.5	5e-10
3064	-2.5	5e-10
3065	-2.5	5e-10
3066	-2.5	5e-10
3067	-2.5	5e-10
3068	-2.5	5e-10
3069	-2.5	5e-10
3070	-2.5	5e-10
3071	-2.5	5e-10
3072	-2.5	5e-10
3073	-2.5	5e-10
3074	-2.5	5e-10
3075	-2.5	5e-10
3076	-2.5	5e-10
3077	-2.5	5e-10
3078	-2.5	5e-10
3079	-2.5	5e-10
3080	-2.5	5e-10
3081	-2.5	5e-10
3082	-2.5	5e-10
3083	-2.5	5e-10
3084	-2.5	5e-10
3085	-2.5	5e-10
3086	-2.5	5e-10
3087	-2.5	5e-10
3088	-2.5	5e-10
3089	-2.5	5e-10
3090	-2.5	5e-10
3091	-2.5	5e-10
3092	-2.5	5e-10
3093	-2.5	5e-10
3094	-2.5	5e-10
3095	-2.5	5e-10
3096	-2.5	5e-10
3097	-2.5	5e-10
3098	-2.5	5e-10
3099	-2.5	5e-10
3100	-2.5	5e-10
3101	-2.5	5e-10
3102	-2.5	5e-10
3103	-2.5	5e-10
3104	-2.5	5e-10
3105	-2.5	5e-10
3106	-2.5	5e-10
3107	-2.5	5e-10
3108	-2.5	5e-10
3109	-2.5	5e-10
3110	-2.5	5e-10
3111	-2.5	5e-10
3112	-2.5	5e-10
3113	-2.5	5e-10
3114	-2.5	5e-10
3115	-2.5	5e-10
3116	-2.5	5e-10
3117	-2.5	5e-10
3118	-2.5	5e-10
3119	-2.5	5e-10
3120	-2.5	5e-10
3121	-2.5	5e-10
3122	-2.5	5e-10
3123	-2.5	5e-10
3124	-2.5	5e-10
3125	-2.5	5e-10
3126	-2.5	5e-10
3127	-2.5	5e-10
3128	-2.5	5e-10
3129	-2.5	5e-10
3130	-2.5	5e-10
3131	-2.5	5e-10
3132	-2.5	5e-10
3133	-2.5	5e-10
3134	-2.5	5e-10
3135	-2.5	5e-10
3136	-2.5	5e-10
3137	-2.5	5e-10
3138	-2.5	5e-10
3139	-2.5	5e-10
3140	-2.5	5e-10
3141	-2.5	5e-10
3142	-2.5	5e-10
3143	-2.5	5e-10
3144	-2.5	5e-10
3145	-2.5	5e-10
3146	-2.5	5e-10
3147	-2.5	5e-10
3148	-2.5	5e-10
3149	-2.5	5e-10
3150	-2.5	5e-10
3151	-2.5	5e-10
3152	-2.5	5e-10
3153	-2.5	5e-10
3154	-2.5	5e-10
3155	-2.5	5e-10
3156	-2.5	5e-10
3157	-2.5	5e-10
3158	-2.5	5e-10
3159	-2.5	5e-10
3160	-2.5	5e-10
3161	-2.5	5e-10
3162	-2.5	5e-10
3163	-2.5	5e-10
3164	-2.5	5e-10
3165	-2.5	5e-10
3166	-2.5	5e-10
3167	-2.5	5e-10
3168	-2.5	5e-10
3169	-2.5	5e-10
3170	-2.5	5e-10
3171	-2.5	5e-10
3172	-2.5	5e-10
3173	-2.5	5e-10
3174	-2.5	5e-10
3175	-2.5	5e-10
3176	-2.5	5e-10
3177	-2.5	5e-10
3178	-2.5	5e-10
3179	-2.5	5e-10
3180	-2.5	5e-10
3181	-2.5	5e-10
3182	-2.5	5e-10
3183	-2.5	5e-10
3184	-2.5	5e-10
3185	-2.5	5e-10
3186	-2.5	5e-10
3187	-2.5	5e-10
3188	-2.5	5e-10
3189	-2.5	5e-10
3190	-2.5	5e-10
3191	-2.5	5e-10
3192	-2.5	5e-10
3193	-2.5	5e-10
3194	-2.5	5e-10
3195	-2.5	5e-10
3196	-2.5	5e-10
3197	-2.5	5e-10
3198	-2.5	5e-10
3199	-2.5	5e-10
3200	-2.5	5e-10
3201	-2.5	5e-10
3202	-2.5	5e-10
3203	-2.5	5e-10
3204	-2.5	5e-10
3205	-2.5	5e-10
3206	-2.5	5e-10
3207	-2.5	5e-10
3208	-2.5	5e-10
3209	-2.5	5e-10
3210	-2.5	5e-10
3211	-2.5	5e-10
3212	-2.5	5e-10
3213	-2.5	5e-10
3214	-2.5	5e-10
3215	-2.5	5e-10
3216	-2.5	5e-10
3217	-2.5	5e-10
3218	-2.5	5e-10
3219	-2.5	5e-10
3220	-2.5	5e-10
3221	-2.5	5e-10
3222	-2.5	5e-10
3223	-2.5	5e-10
3224	-2.5	5e-10
3225	-2.5	5e-10
3226	-2.5	5e-10
3227	-2.5	5e-10
3228	-2.5	5e-10
3229	-2.5	5e-10
3230	-2.5	5e-10
3231	-2.5	5e-10
3232	-2.5	5e-10
3233	-2.5	5e-10
3234	-2.5	5e-10
3235	-2.5	5e-10
3236	-2.5	5e-10
3237	-2.5	5e-10
3238	-2.5	5e-10
3239	-2.5	5e-10
3240	-2.5	5e-10
3241	-2.5	5e-10
3242	-2.5	5e-10
3243	-2.5	5e-10
3244	-2.5	5e-10
3245	-2.5	5e-10
3246	-2.5	5e-10
3247	-2.5	5e-10
3248	-2.5	5e-10
3249	-2.5	5e-10
3250	-2.5	5e-10
3251	-2.5	5e-10
3252	-2.5	5e-10
3253	-2.5	5e-10
3254	-2.5	5e-10
3255	-2.5	5e-10
3256	-2.5	5e-10
3257	-2.5	5e-10
3258	-2.5	5e-10
3259	-2.5	5e-10
3260	-2.5	5e-10
3261	-2.5	5e-10
3262	-2.5	5e-10
3263	-2.5	5e-10
3264	-2.5	5e-10
3265	-2.5	5e-10
3266	-2.5	5e-10
3267	-2.5	5e-10
3268	-2.5	5e-10
3269	-2.5	5e-10
3270	-2.5	5e-10
3271	-2.5	5e-10
3272	-2.5	5e-10
3273	-2.5	5e-10
3274	-2.5	5e-10
3275	-2.5	5e-10
3276	-2.5	5e-10
3277	-2.5	5e-10
3278	-2.5	5e-10
3279	-2.5	5e-10
3280	-2.5	5e-10
3281	-2.5	5e-10
3282	-2.5	5e-10
3283	-2.5	5e-10
3284	-2.5	5e-10
3285	-2.5	5e-10
3286	-2.5	5e-10
3287	-2.5	5e-10
3288	-2.5	5e-10
3289	-2.5	5e-10
3290	-2.5	5e-10
3291	-2.5	5e-10
3292	-2.5	5e-10
3293	-2.5	5e-10
3294	-2.5	5e-10
3295	-2.5	5e-10
3296	-2.5	5e-10
3297	-2.5	5e-10
3298	-2.5	5e-10
3299	-2.5	5e-10
3300	-2.5	5e-10
3301	-2.5	5e-10
3302	-2.5	5e-10
3303	-2.5	5e-10
3304	-2.5	5e-10
3305	-2.5	5e-10
3306	-2.5	5e-10
3307	-2.5	5e-10
3308	-2.5	5e-10
3309	-2.5	5e-10
3310	-2.5	5e-10
3311	-2.5	5e-10
3312	-2.5	5e-10
3313	-2.5	5e-10
3314	-2.5	5e-10
3315	-2.5	5e-10
3316	-2.5	5e-10
3317	-2.5	5e-10
3318	-2.5	5e-10
3319	-2.5	5e-10
3320	-2.5	5e-10
3321	-2.5	5e-10
3322	-2.5	5e-10
3323	-2.5	5e-10
3324	-2.5	5e-10
3325	-2.5	5e-10
3326	-2.5	5e-10
3327	-2.5	5e-10
3328	-2.5	5e-10
3329	-2.5	5e-10
3330	-2.5	5e-10
3331	-2.5	5e-10
3332	-2.5	5e-10
3333	-2.5	5e-10
3334	-2.5	5e-10
3335	-2.5	5e-10
3336	-2.5	5e-10
3337	-2.5	5e-10
3338	-2.5	5e-10
3339	-2.5	5e-10
3340	-2.5	5e-10
3341	-2.5	5e-10
3342	-2.5	5e-10
3343	-2.5	5e-10
3344	-2.5	5e-10
3345	-2.5	5e-10
3346	-2.5	5e-10
3347	-2.5	5e-10
3348	-2.5	5e-10
3349	-2.5	5e-10
3350	-2.5	5e-10
3351	-2.5	5e-10
3352	-2.5	5e-10
3353	-2.5	5e-10
3354	-2.5	5e-10
3355	-2.5	5e-10
3356	-2.5	5e-10
3357	-2.5	5e-10
3358	-2.5	5e-10
3359	-2.5	5e-10
3360	-2.5	5e-10
3361	-2.5	5e-10
3362	-2.5	5e-10
3363	-2.5	5e-10
3364	-2.5	5e-10
3365	-2.5	5e-10
3366	-2.5	5e-10
3367	-2.5	5e-10
3368	-2.5	5e-10
3369	-2.5	5e-10
3370	-2.5	5e-10
3371	-2.5	5e-10
3372	-2.5	5e-10
3373	-2.5	5e-10
3374	-2.5	5e-10
3375	-2.5	5e-10
3376	-2.5	5e-10
3377	-2.5	5e-10
3378	-2.5	5e-10
3379	-2.5	5e-10
3380	-2.5	5e-10
3381	-2.5	5e-10
3382	-2.5	5e-10
3383	-2.5	5e-10
3384	-2.5	5e-10
3385	-2.5	5e-10
3386	-2.5	5e-10
3387	-2.5	5e-10
3388	-2.5	5e-10
3389	-2.5	5e-10
3390	-2.5	5e-10
3391	-2.5	5e-10
3392	-2.5	5e-10
3393	-2.5	5e-10
3394	-2.5	5e-10
3395	-2.5	5e-10
3396	-2.5	5e-10
3397	-2.5	5e-10
3398	-2.5	5e-10
3399	-2.5	5e-10
3400	-2.5	5e-10
3401	-2.5	5e-10
3402	-2.5	5e-10
3403	-2.5	5e-10
3404	-2.5	5e-10
3405	-2.5	5e-10
3406	-2.5	5e-10
3407	-2.5	5e-10
3408	-2.5	5e-10
3409	-2.5	5e-10
3410	-2.5	5e-10
3411	-2.5	5e-10
3412	-2.5	5e-10
3413	-2.5	5e-10
3414	-2.5	5e-10
3415	-2.5	5e-10
3416	-2.5	5e-10
3417	-2.5	5e-10
3418	-2.5	5e-10
3419	-2.5	5e-10
3420	-2.5	5e-10
3421	-2.5	5e-10
3422	-2.5	5e-10
3423	-2.5	5e-10
3424	-2.5	5e-10
3425	-2.5	5e-10
3426	-2.5	5e-10
3427	-2.5	5e-10
3428	-2.5	5e-10
3429	-2.5	5e-10
3430	-2.5	5e-10
3431	-2.5	5e-10
3432	-2.5	5e-10
3433	-2.5	5e-10
3434	-2.5	5e-10
3435	-2.5	5e-10
3436	-2.5	5e-10
3437	-2.5	5e-10
3438	-2.5	5e-10
3439	-2.5	5e-10
3440	-2.5	5e-10
3441	-2.5	5e-10
3442	-2.5	5e-10
3443	-2.5	5e-10
3444	-2.5	5e-10
3445	-2.5	5e-10
3446	-2.5	5e-10
3447	-2.5	5e-10
3448	-2.5	5e-10
3449	-2.5	5e-10
3450	-2.5	5e-10
3451	-2.5	5e-10
3452	-2.5	5e-10
3453	-2.5	5e-10
3454	-2.5	5e-10
3455	-2.5	5e-10
3456	-2.5	5e-10
3457	-2.5	5e-10
3458	-2.5	5e-10
3459	-2.5	5e-10
3460	-2.5	5e-10
3461	-2.5	5e-10
3462	-2.5	5e-10
3463	-2.5	5e-10
3464	-2.5	5e-10
3465	-2.5	5e-10
3466	-2.5	5e-10
3467	-2.5	5e-10
3468	-2.5	5e-10
3469	-2.5	5e-10
3470	-2.5	5e-10
3471	-2.5	5e-10
3472	-2.5	5e-10
3473	-2.5	5e-10
3474	-2.5	5e-10
3475	-2.5	5e-10
3476	-2.5	5e-10
3477	-2.5	5e-10
3478	-2.5	5e-10
3479	-2.5	5e-10
3480	-2.5	5e-10
3481	-3.0	5e-10
3482	-3.0	5e-10
3483	-3.0	5e-10
3484	-3.0	5e-10
3485	-3.0	5e-10
3486	-3.0	5e-10
3487	-3.0	5e-10
3488	-3.0	5e-10
3489	-3.0	5e-10
3490	-3.0	5e-10
3491	-3.0	5e-10
3492	-3.0	5e-10
3493	-3.0	5e-10
3494	-3.0	5e-10
3495	-3.0	5e-10
3496	-3.0	5e-10
3497	-3.0	5e-10
3498	-3.0	5e-10
3499	-3.0	5e-10
3500	-3.0	5e-10
3501	-3.0	5e-10
3502	-3.0	5e-10
3503	-3.0	5e-10
3504	-3.0	5e-10
3505	-3.0	5e-10
3506	-3.0	5e-10
3507	-3.0	5e-10
3508	-3.0	5e-10
3509	-3.0	5e-10
3510	-3.0	5e-10
3511	-3.0	5e-10
3512	-3.0	5e-10
3513	-3.0	5e-10
3514	-3.0	5e-10
3515	-3.0	5e-10
3516	-3.0	5e-10
3517	-3.0	5e-10
3518	-3.0	5e-10
3519	-3.0	5e-10
3520	-3.0	5e-10
3521	-3.0	5e-10
3522	-3.0	5e-10
3523	-3.0	5e-10
3524	-3.0	5e-10
3525	-3.0	5e-10
3526	-3.0	5e-10
3527	-3.0	5e-10
3528	-3.0	5e-10
3529	-3.0	5e-10
3530	-3.0	5e-10
3531	-3.0	5e-10
3532	-3.0	5e-10
3533	-3.0	5e-10
3534	-3.0	5e-10
3535	-3.0	5e-10
3536	-3.0	5e-10
3537	-3.0	5e-10
3538	-3.0	5e-10
3539	-3.0	5e-10
3540	-3.0	5e-10
3541	-3.0	5e-10
3542	-3.0	5e-10
3543	-3.0	5e-10
3544	-3.0	5e-10
3545	-3.0	5e-10
3546	-3.0	5e-10
3547	-3.0	5e-10
3548	-3.0	5e-10
3549	-3.0	5e-10
3550	-3.0	5e-10
3551	-3.0	5e-10
3552	-3.0	5e-10
3553	-3.0	5e-10
3554	-3.0	5e-10
3555	-3.0	5e-10
3556	-3.0	5e-10
3557	-3.0	5e-10
3558	-3.0	5e-10
3559	-3.0	5e-10
3560	-3.0	5e-10
3561	-3.0	5e-10
3562	-3.0	5e-10
3563	-3.0	5e-10
3564	-3.0	5e-10
3565	-3.0	5e-10
3566	-3.0	5e-10
3567	-3.0	5e-10
3568	-3.0	5e-10
3569	-3.0	5e-10
3570	-3.0	5e-10
3571	-3.0	5e-10
3572	-3.0	5e-10
3573	-3.0	5e-10
3574	-3.0	5e-10
3575	-3.0	5e-10
3576	-3.0	5e-10
3577	-3.0	5e-10
3578	-3.0	5e-10
3579	-3.0	5e-10
3580	-3.0	5e-10
3581	-3.0	5e-10
3582	-3.0	5e-10
3583	-3.0	5e-10
3584	-3.0	5e-10
3585	-3.0	5e-10
3586	-3.0	5e-10
3587	-3.0	5e-10
3588	-3.0	5e-10
3589	-3.0	5e-10
3590	-3.0	5e-10
3591	-3.0	5e-10
3592	-3.0	5e-10
3593	-3.0	5e-10
3594	-3.0	5e-10
3595	-3.0	5e-10
3596	-3.0	5e-10
3597	-3.0	5e-10
3598	-3.0	5e-10
3599	-3.0	5e-10
3600	-3.0	5e-10
3601	-3.0	5e-10
3602	-3.0	5e-10
3603	-3.0	5e-10
3604	-3.0	5e-10
3605	-3.0	5e-10
3606	-3.0	5e-10
3607	-3.0	5e-10
3608	-3.0	5e-10
3609	-3.0	5e-10
3610	-3.0	5e-10
3611	-3.0	5e-10
3612	-3.0	5e-10
3613	-3.0	5e-10
3614	-3.0	5e-10
3615	-3.0	5e-10
3616	-3.0	5e-10
3617	-3.0	5e-10
3618	-3.0	5e-10
3619	-3.0	5e-10
3620	-3.0	5e-10
3621	-3.0	5e-10
3622	-3.0	5e-10
3623	-3.0	5e-10
3624	-3.0	5e-10
3625	-3.0	5e-10
3626	-3.0	5e-10
3627	-3.0	5e-10
3628	-3.0	5e-10
3629	-3.0	5e-10
3630	-3.0	5e-10
3631	-3.0	5e-10
3632	-3.0	5e-10
3633	-3.0	5e-10
3634	-3.0	5e-10
3635	-3.0	5e-10
3636	-3.0	5e-10
3637	-3.0	5e-10
3638	-3.0	5e-10
3639	-3.0	5e-10
3640	-3.0	5e-10
3641	-3.0	5e-10
3642	-3.0	5e-10
3643	-3.0	5e-10
3644	-3.0	5e-10
3645	-3.0	5e-10
3646	-3.0	5e-10
3647	-3.0	5e-10
3648	-3.0	5e-10
3649	-3.0	5e-10
3650	-3.0	5e-10
3651	-3.0	5e-10
3652	-3.0	5e-10
3653	-3.0	5e-10
3654	-3.0	5e-10
3655	-3.0	5e-10
3656	-3.0	5e-10
3657	-3.0	5e-10
3658	-3.0	5e-10
3659	-3.0	5e-10
3660	-3.0	5e-10
3661	-3.0	5e-10
3662	-3.0	5e-10
3663	-3.0	5e-10
3664	-3.0	5e-10
3665	-3.0	5e-10
3666	-3.0	5e-10
3667	-3.0	5e-10
3668	-3.0	5e-10
3669	-3.0	5e-10
3670	-3.0	5e-10
3671	-3.0	5e-10
3672	-3.0	5e-10
3673	-3.0	5e-10
3674	-3.0	5e-10
3675	-3.0	5e-10
3676	-3.0	5e-10
3677	-3.0	5e-10
3678	-3.0	5e-10
3679	-3.0	5e-10
3680	-3.0	5e-10
3681	-3.0	5e-10
3682	-3.0	5e-10
3683	-3.0	5e-10
3684	-3.0	5e-10
3685	-3.0	5e-10
3686	-3.0	5e-10
3687	-3.0	5e-10
3688	-3.0	5e-10
3689	-3.0	5e-10
3690	-3.0	5e-10
3691	-3.0	5e-10
3692	-3.0	5e-10
3693	-3.0	5e-10
3694	-3.0	5e-10
3695	-3.0	5e-10
3696	-3.0	5e-10
3697	-3.0	5e-10
3698	-3.0	5e-10
3699	-3.0	5e-10
3700	-3.0	5e-10
3701	-3.0	5e-10
3702	-3.0	5e-10
3703	-3.0	5e-10
3704	-3.0	5e-10
3705	-3.0	5e-10
3706	-3.0	5e-10
3707	-3.0	5e-10
3708	-3.0	5e-10
3709	-3.0	5e-10
3710	-3.0	5e-10
3711	-3.0	5e-10
3712	-3.0	5e-10
3713	-3.0	5e-10
3714	-3.0	5e-10
3715	-3.0	5e-10
3716	-3.0	5e-10
3717	-3.0	5e-10
3718	-3.0	5e-10
3719	-3.0	5e-10
3720	-3.0	5e-10
3721	-3.0	5e-10
3722	-3.0	5e-10
3723	-3.0	5e-10
3724	-3.0	5e-10
3725	-3.0	5e-10
3726	-3.0	5e-10
3727	-3.0	5e-10
3728	-3.0	5e-10
3729	-3.0	5e-10
3730	-3.0	5e-10
3731	-3.0	5e-10
3732	-3.0	5e-10
3733	-3.0	5e-10
3734	-3.0	5e-10
3735	-3.0	5e-10
3736	-3.0	5e-10
3737	-3.0	5e-10
3738	-3.0	5e-10
3739	-3.0	5e-10
3740	-3.0	5e-10
3741	-3.0	5e-10
3742	-3.0	5e-10
3743	-3.0	5e-10
3744	-3.0	5e-10
3745	-3.0	5e-10
3746	-3.0	5e-10
3747	-3.0	5e-10
3748	-3.0	5e-10
3749	-3.0	5e-10
3750	-3.0	5e-10
3751	-3.0	5e-10
3752	-3.0	5e-10
3753	-3.0	5e-10
3754	-3.0	5e-10
3755	-3.0	5e-10
3756	-3.0	5e-10
3757	-3.0	5e-10
3758	-3.0	5e-10
3759	-3.0	5e-10
3760	-3.0	5e-10
3761	-3.0	5e-10
3762	-3.0	5e-10
3763	-3.0	5e-10
3764	-3.0	5e-10
3765	-3.0	5e-10
3766	-3.0	5e-10
3767	-3.0	5e-10
3768	-3.0	5e-10
3769	-3.0	5e-10
3770	-3.0	5e-10
3771	-3.0	5e-10
3772	-3.0	5e-10
3773	-3.0	5e-10
3774	-3.0	5e-10
3775	-3.0	5e-10
3776	-3.0	5e-10
3777	-3.0	5e-10
3778	-3.0	5e-10
3779	-3.0	5e-10
3780	-3.0	5e-10
3781	-3.0	5e-10
3782	-3.0	5e-10
3783	-3.0	5e-10
3784	-3.0	5e-10
3785	-3.0	5e-10
3786	-3.0	5e-10
3787	-3.0	5e-10
3788	-3.0	5e-10
3789	-3.0	5e-10
3790	-3.0	5e-10
3791	-3.0	5e-10
3792	-3.0	5e-10
3793	-3.0	5e-10
3794	-3.0	5e-10
3795	-3.0	5e-10
3796	-3.0	5e-10
3797	-3.0	5e-10
3798	-3.0	5e-10
3799	-3.0	5e-10
3800	-3.0	5e-10
3801	-3.0	5e-10
3802	-3.0	5e-10
3803	-3.0	5e-10
3804	-3.0	5e-10
3805	-3.0	5e-10
3806	-3.0	5e-10
3807	-3.0	5e-10
3808	-3.0	5e-10
3809	-3.0	5e-10
3810	-3.0	5e-10
3811	-3.0	5e-10
3812	-3.0	5e-10
3813	-3.0	5e-10
3814	-3.0	5e-10
3815	-3.0	5e-10
3816	-3.0	5e-10
3817	-3.0	5e-10
3818	-3.0	5e-10
3819	-3.0	5e-10
3820	-3.0	5e-10
3821	-3.0	5e-10
3822	-3.0	5e-10
3823	-3.0	5e-10
3824	-3.0	5e-10
3825	-3.0	5e-10
3826	-3.0	5e-10
3827	-3.0	5e-10
3828	-3.0	5e-10
3829	-3.0	5e-10
3830	-3.0	5e-10
3831	-3.0	5e-10
3832	-3.0	5e-10
3833	-3.0	5e-10
3834	-3.0	5e-10
3835	-3.0	5e-10
3836	-3.0	5e-10
3837	-3.0	5e-10
3838	-3.0	5e-10
3839	-3.0	5e-10
3840	-3.0	5e-10
3841	-3.0	5e-10
3842	-3.0	5e-10
3843	-3.0	5e-10
3844	-3.0	5e-10
3845	-3.0	5e-10
3846	-3.0	5e-10
3847	-3.0	5e-10
3848	-3.0	5e-10
3849	-3.0	5e-10
3850	-3.0	5e-10
3851	-3.0	5e-10
3852	-3.0	5e-10
3853	-3.0	5e-10
3854	-3.0	5e-10
3855	-3.0	5e-10
3856	-3.0	5e-10
3857	-3.0	5e-10
3858	-3.0	5e-10
3859	-3.0	5e-10
3860	-3.0	5e-10
3861	-3.0	5e-10
3862	-3.0	5e-10
3863	-3.0	5e-10
3864	-3.0	5e-10
3865	-3.0	5e-10
3866	-3.0	5e-10
3867	-3.0	5e-10
3868	-3.0	5e-10
3869	-3.0	5e-10
3870	-3.0	5e-10
3871	-3.0	5e-10
3872	-3.0	5e-10
3873	-3.0	5e-10
3874	-3.0	5e-10
3875	-3.0	5e-10
3876	-3.0	5e-10
3877	-3.0	5e-10
3878	-3.0	5e-10
3879	-3.0	5e-10
3880	-3.0	5e-10
3881	-3.0	5e-10
3882	-3.0	5e-10
3883	-3.0	5e-10
3884	-3.0	5e-10
3885	-3.0	5e-10
3886	-3.0	5e-10
3887	-3.0	5e-10
3888	-3.0	5e-10
3889	-3.0	5e-10
3890	-3.0	5e-10
3891	-3.0	5e-10
3892	-3.0	5e-10
3893	-3.0	5e-10
3894	-3.0	5e-10
3895	-3.0	5e-10
3896	-3.0	5e-10
3897	-3.0	5e-10
3898	-3.0	5e-10
3899	-3.0	5e-10
3900	-3.0	5e-10
3901	-3.0	5e-10
3902	-3.0	5e-10
3903	-3.0	5e-10
3904	-3.0	5e-10
3905	-3.0	5e-10
3906	-3.0	5e-10
3907	-3.0	5e-10
3908	-3.0	5e-10
3909	-3.0	5e-10
3910	-3.0	5e-10
3911	-3.0	5e-10
3912	-3.0	5e-10
3913	-3.0	5e-10
3914	-3.0	5e-10
3915	-3.0	5e-10
3916	-3.0	5e-10
3917	-3.0	5e-10
3918	-3.0	5e-10
3919	-3.5	5e-10
3920	-3.5	5e-10
3921	-3.5	5e-10
3922	-3.5	5e-10
3923	-3.5	5e-10
3924	-3.5	5e-10
3925	-3.5	5e-10
3926	-3.5	5e-10
3927	-3.5	5e-10
3928	-3.5	5e-10
3929	-3.5	5e-10
3930	-3.5	5e-10
3931	-3.5	5e-10
3932	-3.5	5e-10
3933	-3.5	5e-10
3934	-3.5	5e-10
3935	-3.5	5e-10
3936	-3.5	5e-10
3937	-3.5	5e-10
3938	-3.5	5e-10
3939	-3.5	5e-10
3940	-3.5	5e-10
3941	-3.5	5e-10
3942	-3.5	5e-10
3943	-3.5	5e-10
3944	-3.5	5e-10
3945	-3.5	5e-10
3946	-3.5	5e-10
3947	-3.5	5e-10
3948	-3.5	5e-10
3949	-3.5	5e-10
3950	-3.5	5e-10
3951	-3.5	5e-10
3952	-3.5	5e-10
3953	-3.5	5e-10
3954	-3.5	5e-10
3955	-3.5	5e-10
3956	-3.5	5e-10
3957	-3.5	5e-10
3958	-3.5	5e-10
3959	-3.5	5e-10
3960	-3.5	5e-10
3961	-3.5	5e-10
3962	-3.5	5e-10
3963	-3.5	5e-10
3964	-3.5	5e-10
3965	-3.5	5e-10
3966	-3.5	5e-10
3967	-3.5	5e-10
3968	-3.5	5e-10
3969	-3.5	5e-10
3970	-3.5	5e-10
3971	-3.5	5e-10
3972	-3.5	5e-10
3973	-3.5	5e-10
3974	-3.5	5e-10
3975	-3.5	5e-10
3976	-3.5	5e-10
3977	-3.5	5e-10
3978	-3.5	5e-10
3979	-3.5	5e-10
3980	-3.5	5e-10
3981	-3.5	5e-10
3982	-3.5	5e-10
3983	-3.5	5e-10
3984	-3.5	5e-10
3985	-3.5	5e-10
3986	-3.5	5e-10
3987	-3.5	5e-10
3988	-3.5	5e-10
3989	-3.5	5e-10
3990	-3.5	5e-10
3991	-3.5	5e-10
3992	-3.5	5e-10
3993	-3.5	5e-10
3994	-3.5	5e-10
3995	-3.5	5e-10
3996	-3.5	5e-10
3997	-3.5	5e-10
3998	-3.5	5e-10
3999	-3.5	5e-10
4000	-3.5	5e-10
4001	-3.5	5e-10
4002	-3.5	5e-10
4003	-3.5	5e-10
4004	-3.5	5e-10
4005	-3.5	5e-10
4006	-3.5	5e-10
4007	-3.5	5e-10
4008	-3.5	5e-10
4009	-3.5	5e-10
4010	-3.5	5e-10
4011	-3.5	5e-10
4012	-3.5	5e-10
4013	-3.5	5e-10
4014	-3.5	5e-10
4015	-3.5	5e-10
4016	-3.5	5e-10
4017	-3.5	5e-10
4018	-3.5	5e-10
4019	-3.5	5e-10
4020	-3.5	5e-10
4021	-3.5	5e-10
4022	-3.5	5e-10
4023	-3.5	5e-10
4024	-3.5	5e-10
4025	-3.5	5e-10
4026	-3.5	5e-10
4027	-3.5	5e-10
4028	-3.5	5e-10
4029	-3.5	5e-10
4030	-3.5	5e-10
4031	-3.5	5e-10
4032	-3.5	5e-10
4033	-3.5	5e-10
4034	-3.5	5e-10
4035	-3.5	5e-10
4036	-3.5	5e-10
4037	-3.5	5e-10
4038	-3.5	5e-10
4039	-3.5	5e-10
4040	-3.5	5e-10
4041	-3.5	5e-10
4042	-3.5	5e-10
4043	-3.5	5e-10
4044	-3.5	5e-10
4045	-3.5	5e-10
4046	-3.5	5e-10
4047	-3.5	5e-10
4048	-3.5	5e-10
4049	-3.5	5e-10
4050	-3.5	5e-10
4051	-3.5	5e-10
4052	-3.5	5e-10
4053	-3.5	5e-10
4054	-3.5	5e-10
4055	-3.5	5e-10
4056	-3.5	5e-10
4057	-3.5	5e-10
4058	-3.5	5e-10
4059	-3.5	5e-10
4060	-3.5	5e-10
4061	-3.5	5e-10
4062	-3.5	5e-10
4063	-3.5	5e-10
4064	-3.5	5e-10
4065	-3.5	5e-10
4066	-3.5	5e-10
4067	-3.5	5e-10
4068	-3.5	5e-10
4069	-3.5	5e-10
4070	-3.5	5e-10
4071	-3.5	5e-10
4072	-3.5	5e-10
4073	-3.5	5e-10
4074	-3.5	5e-10
4075	-3.5	5e-10
4076	-3.5	5e-10
4077	-3.5	5e-10
4078	-3.5	5e-10
4079	-3.5	5e-10
4080	-3.5	5e-10
4081	-3.5	5e-10
4082	-3.5	5e-10
4083	-3.5	5e-10
4084	-3.5	5e-10
4085	-3.5	5e-10
4086	-3.5	5e-10
4087	-3.5	5e-10
4088	-3.5	5e-10
4089	-3.5	5e-10
4090	-3.5	5e-10
4091	-3.5	5e-10
4092	-3.5	5e-10
4093	-3.5	5e-10
4094	-3.5	5e-10
4095	-3.5	5e-10
4096	-3.5	5e-10
4097	-3.5	5e-10
4098	-3.5	5e-10
4099	-3.5	5e-10
4100	-3.5	5e-10
4101	-3.5	5e-10
4102	-3.5	5e-10
4103	-3.5	5e-10
4104	-3.5	5e-10
4105	-3.5	5e-10
4106	-3.5	5e-10
4107	-3.5	5e-10
4108	-3.5	5e-10
4109	-3.5	5e-10
4110	-3.5	5e-10
4111	-3.5	5e-10
4112	-3.5	5e-10
4113	-3.5	5e-10
4114	-3.5	5e-10
4115	-3.5	5e-10
4116	-3.5	5e-10
4117	-3.5	5e-10
4118	-3.5	5e-10
4119	-3.5	5e-10
4120	-3.5	5e-10
4121	-3.5	5e-10
4122	-3.5	5e-10
4123	-3.5	5e-10
4124	-3.5	5e-10
4125	-3.5	5e-10
4126	-3.5	5e-10
4127	-3.5	5e-10
4128	-3.5	5e-10
4129	-3.5	5e-10
4130	-3.5	5e-10
4131	-3.5	5e-10
4132	-3.5	5e-10
4133	-3.5	5e-10
4134	-3.5	5e-10
4135	-3.5	5e-10
4136	-3.5	5e-10
4137	-3.5	5e-10
4138	-3.5	5e-10
4139	-3.5	5e-10
4140	-3.5	5e-10
4141	-3.5	5e-10
4142	-3.5	5e-10
4143	-3.5	5e-10
4144	-3.5	5e-10
4145	-3.5	5e-10
4146	-3.5	5e-10
4147	-3.5	5e-10
4148	-3.5	5e-10
4149	-3.5	5e-10
4150	-3.5	5e-10
4151	-3.5	5e-10
4152	-3.5	5e-10
4153	-3.5	5e-10
4154	-3.5	5e-10
4155	-3.5	5e-10
4156	-3.5	5e-10
4157	-3.5	5e-10
4158	-3.5	5e-10
4159	-3.5	5e-10
4160	-3.5	5e-10
4161	-3.5	5e-10
4162	-3.5	5e-10
4163	-3.5	5e-10
4164	-3.5	5e-10
4165	-3.5	5e-10
4166	-3.5	5e-10
4167	-3.5	5e-10
4168	-3.5	5e-10
4169	-3.5	5e-10
4170	-3.5	5e-10
4171	-3.5	5e-10
4172	-3.5	5e-10
4173	-3.5	5e-10
4174	-3.5	5e-10
4175	-3.5	5e-10
4176	-3.5	5e-10
4177	-3.5	5e-10
4178	-3.5	5e-10
4179	-3.5	5e-10
4180	-3.5	5e-10
4181	-3.5	5e-10
4182	-3.5	5e-10
4183	-3.5	5e-10
4184	-3.5	5e-10
4185	-3.5	5e-10
4186	-3.5	5e-10
4187	-3.5	5e-10
4188	-3.5	5e-10
4189	-3.5	5e-10
4190	-3.5	5e-10
4191	-3.5	5e-10
4192	-3.5	5e-10
4193	-3.5	5e-10
4194	-3.5	5e-10
4195	-3.5	5e-10
4196	-3.5	5e-10
4197	-3.5	5e-10
4198	-3.5	5e-10
4199	-3.5	5e-10
4200	-3.5	5e-10
4201	-3.5	5e-10
4202	-3.5	5e-10
4203	-3.5	5e-10
4204	-3.5	5e-10
4205	-3.5	5e-10
4206	-3.5	5e-10
4207	-3.5	5e-10
4208	-3.5	5e-10
4209	-3.5	5e-10
4210	-3.5	5e-10
4211	-3.5	5e-10
4212	-3.5	5e-10
4213	-3.5	5e-10
4214	-3.5	5e-10
4215	-3.5	5e-10
4216	-3.5	5e-10
4217	-3.5	5e-10
4218	-3.5	5e-10
4219	-3.5	5e-10
4220	-3.5	5e-10
4221	-3.5	5e-10
4222	-3.5	5e-10
4223	-3.5	5e-10
4224	-3.5	5e-10
4225	-3.5	5e-10
4226	-3.5	5e-10
4227	-3.5	5e-10
4228	-3.5	5e-10
4229	-3.5	5e-10
4230	-3.5	5e-10
4231	-3.5	5e-10
4232	-3.5	5e-10
4233	-3.5	5e-10
4234	-3.5	5e-10
4235	-3.5	5e-10
4236	-3.5	5e-10
4237	-3.5	5e-10
4238	-3.5	5e-10
4239	-3.5	5e-10
4240	-3.5	5e-10
4241	-3.5	5e-10
4242	-4.0	5e-10
4243	-4.0	5e-10
4244	-4.0	5e-10
4245	-4.0	5e-10
4246	-4.0	5e-10
4247	-4.0	5e-10
4248	-4.0	5e-10
4249	-4.0	5e-10
4250	-4.0	5e-10
4251	-4.0	5e-10
4252	-4.0	5e-10
4253	-4.0	5e-10
4254	-4.0	5e-10
4255	-4.0	5e-10
4256	-4.0	5e-10
4257	-4.0	5e-10
4258	-4.0	5e-10
4259	-4.0	5e-10
4260	-4.0	5e-10
4261	-4.0	5e-10
4262	-4.0	5e-10
4263	-4.0	5e-10
4264	-4.0	5e-10
4265	-4.0	5e-10
4266	-4.0	5e-10
4267	-4.0	5e-10
4268	-4.0	5e-10
4269	-4.0	5e-10
4270	-4.0	5e-10
4271	-4.0	5e-10
4272	-4.0	5e-10
4273	-4.0	5e-10
4274	-4.0	5e-10
4275	-4.0	5e-10
4276	-4.0	5e-10
4277	-4.0	5e-10
4278	-4.0	5e-10
4279	-4.0	5e-10
4280	-4.0	5e-10
4281	-4.0	5e-10
4282	-4.0	5e-10
4283	-4.0	5e-10
4284	-4.0	5e-10
4285	-4.0	5e-10
4286	-4.0	5e-10
4287	-4.0	5e-10
4288	-4.0	5e-10
4289	-4.0	5e-10
4290	-4.0	5e-10
4291	-4.0	5e-10
4292	-4.0	5e-10
4293	-4.0	5e-10
4294	-4.0	5e-10
4295	-4.0	5e-10
4296	-4.0	5e-10
4297	-4.0	5e-10
4298	-4.0	5e-10
4299	-4.0	5e-10
4300	-4.0	5e-10
4301	-4.0	5e-10
4302	-4.0	5e-10
4303	-4.0	5e-10
4304	-4.0	5e-10
4305	-4.0	5e-10
4306	-4.0	5e-10
4307	-4.0	5e-10
4308	-4.0	5e-10
4309	-4.0	5e-10
4310	-4.0	5e-10
4311	-4.0	5e-10
4312	-4.0	5e-10
4313	-4.0	5e-10
4314	-4.0	5e-10
4315	-4.0	5e-10
4316	-4.0	5e-10
4317	-4.0	5e-10
4318	-4.0	5e-10
4319	-4.0	5e-10
4320	-4.0	5e-10
4321	-4.0	5e-10
4322	-4.0	5e-10
4323	-4.0	5e-10
4324	-4.0	5e-10
4325	-4.0	5e-10
4326	-4.0	5e-10
4327	-4.0	5e-10
4328	-4.0	5e-10
4329	-4.0	5e-10
4330	-4.0	5e-10
4331	-4.0	5e-10
4332	-4.0	5e-10
4333	-4.0	5e-10
4334	-4.0	5e-10
4335	-4.0	5e-10
4336	-4.0	5e-10
4337	-4.0	5e-10
4338	-4.0	5e-10
4339	-4.0	5e-10
4340	-4.0	5e-10
4341	-4.0	5e-10
4342	-4.0	5e-10
4343	-4.0	5e-10
4344	-4.0	5e-10
4345	-4.0	5e-10
4346	-4.0	5e-10
4347	-4.0	5e-10
4348	-4.0	5e-10
4349	-4.0	5e-10
4350	-4.0	5e-10
4351	-4.0	5e-10
4352	-4.0	5e-10
4353	-4.0	5e-10
4354	-4.0	5e-10
4355	-4.0	5e-10
4356	-4.0	5e-10
4357	-4.0	5e-10
4358	-4.0	5e-10
4359	-4.0	5e-10
4360	-4.0	5e-10
4361	-4.0	5e-10
4362	-4.0	5e-10
4363	-4.0	5e-10
4364	-4.0	5e-10
4365	-4.0	5e-10
4366	-4.0	5e-10
4367	-4.0	5e-10
4368	-4.0	5e-10
4369	-4.0	5e-10
4370	-4.0	5e-10
4371	-4.0	5e-10
4372	-4.0	5e-10
4373	-4.0	5e-10
4374	-4.0	5e-10
4375	-4.0	5e-10
4376	-4.0	5e-10
4377	-4.0	5e-10
4378	-4.0	5e-10
4379	-4.0	5e-10
4380	-4.0	5e-10
4381	-4.0	5e-10
4382	-4.0	5e-10
4383	-4.0	5e-10
4384	-4.0	5e-10
4385	-4.0	5e-10
4386	-4.0	5e-10
4387	-4.0	5e-10
4388	-4.0	5e-10
4389	-4.0	5e-10
4390	-4.0	5e-10
4391	-4.0	5e-10
4392	-4.0	5e-10
4393	-4.0	5e-10
4394	-4.0	5e-10
4395	-4.0	5e-10
4396	-4.0	5e-10
4397	-4.0	5e-10
4398	-4.0	5e-10
4399	-4.0	5e-10
4400	-4.0	5e-10
4401	-4.0	5e-10
4402	-4.0	5e-10
4403	-4.0	5e-10
4404	-4.0	5e-10
4405	-4.0	5e-10
4406	-4.0	5e-10
4407	-4.0	5e-10
4408	-4.0	5e-10
4409	-4.0	5e-10
4410	-4.0	5e-10
4411	-4.0	5e-10
4412	-4.0	5e-10
4413	-4.0	5e-10
4414	-4.0	5e-10
4415	-4.0	5e-10
4416	-4.0	5e-10
4417	-4.0	5e-10
4418	-4.0	5e-10
4419	-4.0	5e-10
4420	-4.0	5e-10
4421	-4.0	5e-10
4422	-4.0	5e-10
4423	-4.0	5e-10
4424	-4.0	5e-10
4425	-4.0	5e-10
4426	-4.0	5e-10
4427	-4.0	5e-10
4428	-4.0	5e-10
4429	-4.0	5e-10
4430	-4.0	5e-10
4431	-4.0	5e-10
4432	-4.0	5e-10
4433	-4.0	5e-10
4434	-4.0	5e-10
4435	-4.0	5e-10
4436	-4.0	5e-10
4437	-4.0	5e-10
4438	-4.0	5e-10
4439	-4.0	5e-10
4440	-4.0	5e-10
4441	-4.0	5e-10
4442	-4.0	5e-10
4443	-4.0	5e-10
4444	-4.0	5e-10
4445	-4.0	5e-10
4446	-4.0	5e-10
4447	-4.0	5e-10
4448	-4.0	5e-10
4449	-4.0	5e-10
4450	-4.0	5e-10
4451	-4.0	5e-10
4452	-4.0	5e-10
4453	-4.0	5e-10
4454	-4.0	5e-10
4455	-4.0	5e-10
4456	-4.0	5e-10
4457	-4.0	5e-10
4458	-4.0	5e-10
4459	-4.0	5e-10
4460	-4.0	5e-10
4461	-4.0	5e-10
4462	-4.0	5e-10
4463	-4.0	5e-10
4464	-4.0	5e-10
4465	-4.0	5e-10
4466	-4.0	5e-10
4467	-4.0	5e-10
4468	-4.0	5e-10
4469	-4.0	5e-10
4470	-4.0	5e-10
4471	-4.0	5e-10
4472	-4.0	5e-10
4473	-4.0	5e-10
4474	-4.0	5e-10
4475	-4.0	5e-10
4476	-4.0	5e-10
4477	-4.0	5e-10
4478	-4.0	5e-10
4479	-4.0	5e-10
4480	-4.0	5e-10
4481	-4.0	5e-10
4482	-4.0	5e-10
4483	-4.0	5e-10
4484	-4.0	5e-10
4485	-4.0	5e-10
4486	-4.0	5e-10
4487	-4.0	5e-10
4488	-4.0	5e-10
4489	-4.0	5e-10
4490	-4.0	5e-10
4491	-4.0	5e-10
4492	-4.0	5e-10
4493	-4.0	5e-10
4494	-4.0	5e-10
4495	-4.0	5e-10
4496	-4.0	5e-10
4497	-4.0	5e-10
4498	-4.0	5e-10
4499	-4.0	5e-10
4500	-4.0	5e-10
4501	-4.0	5e-10
4502	-4.0	5e-10
4503	-4.5	5e-10
4504	-4.5	5e-10
4505	-4.5	5e-10
4506	-4.5	5e-10
4507	-4.5	5e-10
4508	-4.5	5e-10
4509	-4.5	5e-10
4510	-4.5	5e-10
4511	-4.5	5e-10
4512	-4.5	5e-10
4513	-4.5	5e-10
4514	-4.5	5e-10
4515	-4.5	5e-10
4516	-4.5	5e-10
4517	-4.5	5e-10
4518	-4.5	5e-10
4519	-4.5	5e-10
4520	-4.5	5e-10
4521	-4.5	5e-10
4522	-4.5	5e-10
4523	-4.5	5e-10
4524	-4.5	5e-10
4525	-4.5	5e-10
4526	-4.5	5e-10
4527	-4.5	5e-10
4528	-4.5	5e-10
4529	-4.5	5e-10
4530	-4.5	5e-10
4531	-4.5	5e-10
4532	-4.5	5e-10
4533	-4.5	5e-10
4534	-4.5	5e-10
4535	-4.5	5e-10
4536	-4.5	5e-10
4537	-4.5	5e-10
4538	-4.5	5e-10
4539	-4.5	5e-10
4540	-4.5	5e-10
4541	-4.5	5e-10
4542	-4.5	5e-10
4543	-4.5	5e-10
4544	-4.5	5e-10
4545	-4.5	5e-10
4546	-4.5	5e-10
4547	-4.5	5e-10
4548	-4.5	5e-10
4549	-4.5	5e-10
4550	-4.5	5e-10
4551	-4.5	5e-10
4552	-4.5	5e-10
4553	-4.5	5e-10
4554	-4.5	5e-10
4555	-4.5	5e-10
4556	-4.5	5e-10
4557	-4.5	5e-10
4558	-4.5	5e-10
4559	-4.5	5e-10
4560	-4.5	5e-10
4561	-4.5	5e-10
4562	-4.5	5e-10
4563	-4.5	5e-10
4564	-4.5	5e-10
4565	-4.5	5e-10
4566	-4.5	5e-10
4567	-4.5	5e-10
4568	-4.5	5e-10
4569	-4.5	5e-10
4570	-4.5	5e-10
4571	-4.5	5e-10
4572	-4.5	5e-10
4573	-4.5	5e-10
4574	-4.5	5e-10
4575	-4.5	5e-10
4576	-4.5	5e-10
4577	-4.5	5e-10
4578	-4.5	5e-10
4579	-4.5	5e-10
4580	-4.5	5e-10
4581	-4.5	5e-10
4582	-4.5	5e-10
4583	-4.5	5e-10
4584	-4.5	5e-10
4585	-4.5	5e-10
4586	-4.5	5e-10
4587	-4.5	5e-10
4588	-4.5	5e-10
4589	-4.5	5e-10
4590	-4.5	5e-10
4591	-4.5	5e-10
4592	-4.5	5e-10
4593	-4.5	5e-10
4594	-4.5	5e-10
4595	-4.5	5e-10
4596	-4.5	5e-10
4597	-4.5	5e-10
4598	-4.5	5e-10
4599	-4.5	5e-10
4600	-4.5	5e-10
4601	-4.5	5e-10
4602	-4.5	5e-10
4603	-4.5	5e-10
4604	-4.5	5e-10
4605	-4.5	5e-10
4606	-4.5	5e-10
4607	-4.5	5e-10
4608	-4.5	5e-10
4609	-4.5	5e-10
4610	-4.5	5e-10
4611	-4.5	5e-10
4612	-4.5	5e-10
4613	-4.5	5e-10
4614	-4.5	5e-10
4615	-4.5	5e-10
4616	-4.5	5e-10
4617	-4.5	5e-10
4618	-4.5	5e-10
4619	-4.5	5e-10
4620	-4.5	5e-10
4621	-4.5	5e-10
4622	-4.5	5e-10
4623	-4.5	5e-10
4624	-4.5	5e-10
4625	-4.5	5e-10
4626	-4.5	5e-10
4627	-4.5	5e-10
4628	-4.5	5e-10
4629	-4.5	5e-10
4630	-4.5	5e-10
4631	-4.5	5e-10
4632	-4.5	5e-10
4633	-4.5	5e-10
4634	-4.5	5e-10
4635	-4.5	5e-10
4636	-4.5	5e-10
4637	-4.5	5e-10
4638	-4.5	5e-10
4639	-4.5	5e-10
4640	-4.5	5e-10
4641	-4.5	5e-10
4642	-4.5	5e-10
4643	-4.5	5e-10
4644	-4.5	5e-10
4645	-4.5	5e-10
4646	-4.5	5e-10
4647	-4.5	5e-10
4648	-4.5	5e-10
4649	-4.5	5e-10
4650	-4.5	5e-10
4651	-4.5	5e-10
4652	-4.5	5e-10
4653	-4.5	5e-10
4654	-4.5	5e-10
4655	-4.5	5e-10
4656	-4.5	5e-10
4657	-4.5	5e-10
4658	-4.5	5e-10
4659	-4.5	5e-10
4660	-4.5	5e-10
4661	-4.5	5e-10
4662	-4.5	5e-10
4663	-4.5	5e-10
4664	-4.5	5e-10
4665	-4.5	5e-10
4666	-4.5	5e-10
4667	-4.5	5e-10
4668	-4.5	5e-10
4669	-4.5	5e-10
4670	-4.5	5e-10
4671	-4.5	5e-10
4672	-4.5	5e-10
4673	-4.5	5e-10
4674	-4.5	5e-10
4675	-4.5	5e-10
4676	-4.5	5e-10
4677	-4.5	5e-10
4678	-4.5	5e-10
4679	-4.5	5e-10
4680	-4.5	5e-10
4681	-4.5	5e-10
4682	-4.5	5e-10
4683	-4.5	5e-10
4684	-4.5	5e-10
4685	-4.5	5e-10
4686	-4.5	5e-10
4687	-4.5	5e-10
4688	-4.5	5e-10
4689	-4.5	5e-10
4690	-4.5	5e-10
4691	-4.5	5e-10
4692	-4.5	5e-10
4693	-5.0	5e-10
4694	-5.0	5e-10
4695	-5.0	5e-10
4696	-5.0	5e-10
4697	-5.0	5e-10
4698	-5.0	5e-10
4699	-5.0	5e-10
4700	-5.0	5e-10
4701	-5.0	5e-10
4702	-5.0	5e-10
4703	-5.0	5e-10
4704	-5.0	5e-10
4705	-5.0	5e-10
4706	-5.0	5e-10
4707	-5.0	5e-10
4708	-5.0	5e-10
4709	-5.0	5e-10
4710	-5.0	5e-10
4711	-5.0	5e-10
4712	-5.0	5e-10
4713	-5.0	5e-10
4714	-5.0	5e-10
4715	-5.0	5e-10
4716	-5.0	5e-10
4717	-5.0	5e-10
4718	-5.0	5e-10
4719	-5.0	5e-10
4720	-5.0	5e-10
4721	-5.0	5e-10
4722	-5.0	5e-10
4723	-5.0	5e-10
4724	-5.0	5e-10
4725	-5.0	5e-10
4726	-5.0	5e-10
4727	-5.0	5e-10
4728	-5.0	5e-10
4729	-5.0	5e-10
4730	-5.0	5e-10
4731	-5.0	5e-10
4732	-5.0	5e-10
4733	-5.0	5e-10
4734	-5.0	5e-10
4735	-5.0	5e-10
4736	-5.0	5e-10
4737	-5.0	5e-10
4738	-5.0	5e-10
4739	-5.0	5e-10
4740	-5.0	5e-10
4741	-5.0	5e-10
4742	-5.0	5e-10
4743	-5.0	5e-10
4744	-5.0	5e-10
4745	-5.0	5e-10
4746	-5.0	5e-10
4747	-5.0	5e-10
4748	-5.0	5e-10
4749	-5.0	5e-10
4750	-5.0	5e-10
4751	-5.0	5e-10
4752	-5.0	5e-10
4753	-5.0	5e-10
4754	-5.0	5e-10
4755	-5.0	5e-10
4756	-5.0	5e-10
4757	-5.0	5e-10
4758	-5.0	5e-10
4759	-5.0	5e-10
4760	-5.0	5e-10
4761	-5.0	5e-10
4762	-5.0	5e-10
4763	-5.0	5e-10
4764	-5.0	5e-10
4765	-5.0	5e-10
4766	-5.0	5e-10
4767	-5.0	5e-10
4768	-5.0	5e-10
4769	-5.0	5e-10
4770	-5.0	5e-10
4771	-5.0	5e-10
4772	-5.0	5e-10
4773	-5.0	5e-10
4774	-5.0	5e-10
4775	-5.0	5e-10
4776	-5.0	5e-10
4777	-5.0	5e-10
4778	-5.0	5e-10
4779	-5.0	5e-10
4780	-5.0	5e-10
4781	-5.0	5e-10
4782	-5.0	5e-10
4783	-5.0	5e-10
4784	-5.0	5e-10
4785	-5.0	5e-10
4786	-5.0	5e-10
4787	-5.0	5e-10
4788	-5.0	5e-10
4789	-5.0	5e-10
4790	-5.0	5e-10
4791	-5.0	5e-10
4792	-5.0	5e-10
4793	-5.0	5e-10
4794	-5.0	5e-10
4795	-5.0	5e-10
4796	-5.0	5e-10
4797	-5.0	5e-10
4798	-5.0	5e-10
4799	-5.0	5e-10
4800	-5.0	5e-10
4801	-5.0	5e-10
4802	-5.0	5e-10
4803	-5.0	5e-10
4804	-5.0	5e-10
4805	-5.0	5e-10
4806	-5.0	5e-10
4807	-5.0	5e-10
4808	-5.0	5e-10
4809	-5.0	5e-10
4810	-5.0	5e-10
4811	-5.0	5e-10
4812	-5.0	5e-10
4813	-5.0	5e-10
4814	-5.0	5e-10
4815	-5.0	5e-10
4816	-5.0	5e-10
4817	-5.0	5e-10
4818	-5.0	5e-10
4819	-5.0	5e-10
4820	-5.0	5e-10
4821	-5.0	5e-10
4822	-5.0	5e-10
4823	-5.0	5e-10
4824	-5.0	5e-10
4825	-5.0	5e-10
4826	-5.0	5e-10
4827	-5.0	5e-10
4828	-5.5	5e-10
4829	-5.5	5e-10
4830	-5.5	5e-10
4831	-5.5	5e-10
4832	-5.5	5e-10
4833	-5.5	5e-10
4834	-5.5	5e-10
4835	-5.5	5e-10
4836	-5.5	5e-10
4837	-5.5	5e-10
4838	-5.5	5e-10
4839	-5.5	5e-10
4840	-5.5	5e-10
4841	-5.5	5e-10
4842	-5.5	5e-10
4843	-5.5	5e-10
4844	-5.5	5e-10
4845	-5.5	5e-10
4846	-5.5	5e-10
4847	-5.5	5e-10
4848	-5.5	5e-10
4849	-5.5	5e-10
4850	-5.5	5e-10
4851	-5.5	5e-10
4852	-5.5	5e-10
4853	-5.5	5e-10
4854	-5.5	5e-10
4855	-5.5	5e-10
4856	-5.5	5e-10
4857	-5.5	5e-10
4858	-5.5	5e-10
4859	-5.5	5e-10
4860	-5.5	5e-10
4861	-5.5	5e-10
4862	-5.5	5e-10
4863	-5.5	5e-10
4864	-5.5	5e-10
4865	-5.5	5e-10
4866	-5.5	5e-10
4867	-5.5	5e-10
4868	-5.5	5e-10
4869	-5.5	5e-10
4870	-5.5	5e-10
4871	-5.5	5e-10
4872	-5.5	5e-10
4873	-5.5	5e-10
4874	-5.5	5e-10
4875	-5.5	5e-10
4876	-5.5	5e-10
4877	-5.5	5e-10
4878	-5.5	5e-10
4879	-5.5	5e-10
4880	-5.5	5e-10
4881	-5.5	5e-10
4882	-5.5	5e-10
4883	-5.5	5e-10
4884	-5.5	5e-10
4885	-5.5	5e-10
4886	-5.5	5e-10
4887	-5.5	5e-10
4888	-5.5	5e-10
4889	-5.5	5e-10
4890	-5.5	5e-10
4891	-5.5	5e-10
4892	-5.5	5e-10
4893	-5.5	5e-10
4894	-5.5	5e-10
4895	-5.5	5e-10
4896	-5.5	5e-10
4897	-5.5	5e-10
4898	-5.5	5e-10
4899	-5.5	5e-10
4900	-5.5	5e-10
4901	-5.5	5e-10
4902	-5.5	5e-10
4903	-5.5	5e-10
4904	-5.5	5e-10
4905	-5.5	5e-10
4906	-5.5	5e-10
4907	-5.5	5e-10
4908	-5.5	5e-10
4909	-5.5	5e-10
4910	-5.5	5e-10
4911	-5.5	5e-10
4912	-5.5	5e-10
4913	-5.5	5e-10
4914	-6.0	5e-10
4915	-6.0	5e-10
4916	-6.0	5e-10
4917	-6.0	5e-10
4918	-6.0	5e-10
4919	-6.0	5e-10
4920	-6.0	5e-10
4921	-6.0	5e-10
4922	-6.0	5e-10
4923	-6.0	5e-10
4924	-6.0	5e-10
4925	-6.0	5e-10
4926	-6.0	5e-10
4927	-6.0	5e-10
4928	-6.0	5e-10
4929	-6.0	5e-10
4930	-6.0	5e-10
4931	-6.0	5e-10
4932	-6.0	5e-10
4933	-6.0	5e-10
4934	-6.0	5e-10
4935	-6.0	5e-10
4936	-6.0	5e-10
4937	-6.0	5e-10
4938	-6.0	5e-10
4939	-6.0	5e-10
4940	-6.0	5e-10
4941	-6.0	5e-10
4942	-6.0	5e-10
4943	-6.0	5e-10
4944	-6.0	5e-10
4945	-6.0	5e-10
4946	-6.0	5e-10
4947	-6.0	5e-10
4948	-6.0	5e-10
4949	-6.0	5e-10
4950	-6.0	5e-10
4951	-6.0	5e-10
4952	-6.0	5e-10
4953	-6.0	5e-10
4954	-6.0	5e-10
4955	-6.0	5e-10
4956	-6.0	5e-10
4957	-6.0	5e-10
4958	-6.0	5e-10
4959	-6.0	5e-10
4960	-6.5	5e-10
4961	-6.5	5e-10
4962	-6.5	5e-10
4963	-6.5	5e-10
4964	-6.5	5e-10
4965	-6.5	5e-10
4966	-6.5	5e-10
4967	-6.5	5e-10
4968	-6.5	5e-10
4969	-6.5	5e-10
4970	-6.5	5e-10
4971	-6.5	5e-10
4972	-6.5	5e-10
4973	-6.5	5e-10
4974	-6.5	5e-10
4975	-6.5	5e-10
4976	-6.5	5e-10
4977	-6.5	5e-10
4978	-6.5	5e-10
4979	-6.5	5e-10
4980	-6.5	5e-10
4981	-6.5	5e-10
4982	-6.5	5e-10
4983	-6.5	5e-10
4984	-6.5	5e-10
4985	-6.5	5e-10
4986	-6.5	5e-10
4987	-6.5	5e-10
4988	-6.5	5e-10
4989	-6.5	5e-10
4990	-6.5	5e-10
4991	-6.5	5e-10
4992	-7.0	5e-10
4993	-7.0	5e-10
4994	-7.0	5e-10
4995	-7.0	5e-10
4996	-7.0	5e-10
4997	-7.0	5e-10
4998	-7.0	5e-10
4999	-7.0	5e-10
5000	-7.0	5e-10
5001	-7.0	5e-10
5002	-7.0	5e-10
5003	-7.0	5e-10
5004	-7.0	5e-10
5005	-7.5	5e-10
5006	-7.5	5e-10
5007	-7.5	5e-10
5008	-7.5	5e-10
5009	-7.5	5e-10
5010	-7.5	5e-10
5011	-8.0	5e-10
5012	-8.5	5e-10
5013	-9.0	5e-10
